0.000000 1.000000 1.000000 1.000000
0.025000 1.000000 1.000000 1.000000
0.050000 1.000000 1.000000 1.000000
0.075000 1.000000 1.000000 1.000000
0.100000 1.000000 1.000000 1.000000
0.125000 1.000000 1.000000 1.000000
0.150000 1.000000 1.000000 0.999479
0.175000 1.000000 1.000000 0.999479
0.200000 1.000000 0.999492 0.999089
0.225000 1.000000 0.999492 0.998381
0.250000 1.000000 0.999492 0.997090
0.275000 1.000000 0.999077 0.997024
0.300000 1.000000 0.997889 0.996365
0.325000 1.000000 0.997107 0.995808
0.350000 0.999236 0.997107 0.995073
0.375000 0.999236 0.996290 0.993956
0.400000 0.999236 0.995575 0.991857
0.425000 0.999236 0.994946 0.990223
0.450000 0.999236 0.994388 0.987983
0.475000 0.998626 0.992571 0.984869
0.500000 0.998626 0.990443 0.982085
0.525000 0.996734 0.988761 0.979245
0.550000 0.996262 0.984993 0.975255
0.575000 0.995434 0.980303 0.971640
0.600000 0.995434 0.978265 0.969206
0.625000 0.995071 0.974080 0.968481
0.650000 0.994214 0.968041 0.965844
0.675000 0.992915 0.964266 0.960914
0.700000 0.992683 0.962129 0.956500
0.725000 0.991533 0.958375 0.950604
0.750000 0.990009 0.952742 0.945710
0.775000 0.985996 0.943577 0.934859
0.800000 0.984759 0.935561 0.921993
0.825000 0.982787 0.921310 0.901695
0.850000 0.972452 0.897573 0.874367
0.875000 0.966565 0.863226 0.813587
0.900000 0.953353 0.809317 0.590066
0.925000 0.939225 0.517994 0.000000
0.950000 0.872394 0.000000 0.000000
0.975000 0.641864 0.000000 0.000000
1.000000 0.000000 0.000000 0.000000
