0.000000 0.999976 0.999976 0.999976
0.025000 0.999924 0.999921 0.999919
0.050000 0.999920 0.999918 0.999919
0.075000 0.999917 0.999917 0.999919
0.100000 0.999917 0.999917 0.999916
0.125000 0.999917 0.999914 0.999913
0.150000 0.999917 0.999914 0.999908
0.175000 0.999917 0.999911 0.999907
0.200000 0.999916 0.999909 0.999904
0.225000 0.999914 0.999907 0.999902
0.250000 0.999913 0.999905 0.999900
0.275000 0.999913 0.999902 0.999898
0.300000 0.999913 0.999901 0.999895
0.325000 0.999913 0.999899 0.999612
0.350000 0.999912 0.999898 0.999403
0.375000 0.999908 0.999897 0.999403
0.400000 0.999907 0.999576 0.998748
0.425000 0.999906 0.999356 0.998385
0.450000 0.999904 0.999356 0.997054
0.475000 0.999902 0.999356 0.995292
0.500000 0.999902 0.998622 0.993352
0.525000 0.999902 0.997958 0.992286
0.550000 0.999901 0.996207 0.990341
0.575000 0.999900 0.993958 0.987951
0.600000 0.999899 0.992320 0.985762
0.625000 0.999898 0.990221 0.984895
0.650000 0.999898 0.987143 0.982052
0.675000 0.999894 0.984488 0.980215
0.700000 0.999405 0.982387 0.976135
0.725000 0.999006 0.980432 0.971644
0.750000 0.999006 0.976514 0.967232
0.775000 0.999006 0.971151 0.960945
0.800000 0.997746 0.964687 0.950755
0.825000 0.997395 0.958215 0.938764
0.850000 0.993456 0.943957 0.920025
0.875000 0.990154 0.926231 0.892712
0.900000 0.986682 0.897452 0.835503
0.925000 0.979125 0.850167 0.597937
0.950000 0.972073 0.527288 0.000000
0.975000 0.942663 0.000000 0.000000
1.000000 0.676224 0.000000 0.000000
