0.000000 1.000000 1.000000 1.000000
0.025000 1.000000 1.000000 1.000000
0.050000 1.000000 1.000000 1.000000
0.075000 1.000000 1.000000 1.000000
0.100000 1.000000 1.000000 1.000000
0.125000 1.000000 1.000000 0.999271
0.150000 1.000000 1.000000 0.998179
0.175000 1.000000 0.999275 0.997401
0.200000 1.000000 0.998099 0.995913
0.225000 1.000000 0.997748 0.994758
0.250000 1.000000 0.995953 0.992756
0.275000 1.000000 0.995862 0.991776
0.300000 0.998943 0.994110 0.990066
0.325000 0.998943 0.992248 0.988075
0.350000 0.997255 0.991370 0.986375
0.375000 0.997255 0.989615 0.984439
0.400000 0.996572 0.987461 0.979669
0.425000 0.995165 0.986733 0.976730
0.450000 0.993921 0.984444 0.972211
0.475000 0.993525 0.979319 0.965511
0.500000 0.993169 0.976687 0.962430
0.525000 0.990909 0.972712 0.955987
0.550000 0.990706 0.966102 0.950954
0.575000 0.987596 0.958721 0.944561
0.600000 0.986428 0.954555 0.940789
0.625000 0.986428 0.945276 0.934534
0.650000 0.983863 0.937374 0.926538
0.675000 0.980510 0.928883 0.915955
0.700000 0.980250 0.921290 0.904633
0.725000 0.976378 0.909815 0.893636
0.750000 0.974519 0.891757 0.872268
0.775000 0.966123 0.873747 0.841772
0.800000 0.960760 0.841255 0.796910
0.825000 0.952343 0.789934 0.539145
0.850000 0.937050 0.673406 0.000000
0.875000 0.923412 0.466091 0.000000
0.900000 0.895584 0.000000 0.000000
0.925000 0.847730 0.000000 0.000000
0.950000 0.729868 0.000000 0.000000
0.975000 0.000000 0.000000 0.000000
1.000000 0.000000 0.000000 0.000000
