0.000000 1.000000 1.000000 1.000000
0.025000 1.000000 1.000000 1.000000
0.050000 1.000000 1.000000 1.000000
0.075000 1.000000 1.000000 1.000000
0.100000 1.000000 1.000000 1.000000
0.125000 1.000000 1.000000 1.000000
0.150000 1.000000 1.000000 1.000000
0.175000 1.000000 1.000000 1.000000
0.200000 1.000000 1.000000 1.000000
0.225000 1.000000 1.000000 1.000000
0.250000 1.000000 1.000000 1.000000
0.275000 1.000000 1.000000 1.000000
0.300000 1.000000 1.000000 1.000000
0.325000 1.000000 1.000000 0.999719
0.350000 1.000000 1.000000 0.999514
0.375000 1.000000 1.000000 0.999514
0.400000 1.000000 0.999683 0.998861
0.425000 1.000000 0.999466 0.998500
0.450000 1.000000 0.999466 0.997170
0.475000 1.000000 0.999466 0.995412
0.500000 1.000000 0.998732 0.993656
0.525000 1.000000 0.998069 0.992585
0.550000 1.000000 0.996320 0.990799
0.575000 1.000000 0.994074 0.988553
0.600000 1.000000 0.992649 0.986947
0.625000 1.000000 0.990543 0.986183
0.650000 1.000000 0.987652 0.983711
0.675000 1.000000 0.985357 0.982084
0.700000 0.999509 0.983586 0.978577
0.725000 0.999113 0.982112 0.974739
0.750000 0.999113 0.978304 0.971641
0.775000 0.999113 0.973680 0.966337
0.800000 0.997855 0.967747 0.956593
0.825000 0.997504 0.962952 0.945839
0.850000 0.993567 0.949780 0.928671
0.875000 0.990269 0.932612 0.903153
0.900000 0.986797 0.906046 0.847792
0.925000 0.979243 0.859891 0.608604
0.950000 0.972193 0.535348 0.000000
0.975000 0.942781 0.000000 0.000000
1.000000 0.676310 0.000000 0.000000
