-0.919638,0.046144
0.898836,-0.465842
2.035509,0.289043
0.887999,0.401387
1.709290,-0.247363
1.997314,0.532158
0.262872,-0.272936
-0.856190,0.502975
2.108578,0.460652
0.105068,0.217940
-0.025367,0.883112
-0.843378,0.611299
1.808844,-0.116713
-0.909963,0.496547
0.408335,0.942994
0.138873,0.939737
0.769481,0.632884
-0.770598,0.620206
0.971566,0.038658
-0.365856,0.897397
0.235380,0.971926
0.715689,0.724571
0.289375,-0.226576
-1.010633,0.330030
0.404533,-0.234139
0.993103,-0.484601
1.247268,-0.384771
0.444317,-0.407089
0.000053,0.405741
1.009889,0.235289
-1.013581,0.214996
0.535008,-0.362785
-0.627322,0.821016
0.989290,0.331616
0.598910,-0.373824
-0.021080,0.215097
2.003668,0.222698
-0.323686,0.899024
0.217995,-0.087995
-0.011878,0.134473
-0.767677,0.615706
1.287034,-0.429065
-0.050812,0.443301
1.605579,-0.304194
0.485078,-0.315625
0.819077,-0.478966
1.018450,0.254971
0.569938,0.882735
-0.823548,0.655310
1.289105,-0.403274
0.373952,-0.249710
1.478438,-0.345372
-0.447407,0.833016
-0.373995,0.972991
0.975959,-0.492847
1.553810,-0.238653
-0.513080,0.914135
0.988304,0.389826
1.075418,-0.486628
0.085401,0.065157
0.117599,0.090550
0.558735,0.911923
1.011911,0.318847
1.550304,-0.317513
1.808403,-0.187480
-1.080889,-0.075533
-0.913670,0.345927
0.772063,-0.528974
1.533882,-0.385856
1.684959,-0.364253
0.867518,0.472473
0.232275,-0.098025
0.763772,0.705876
1.447355,-0.432649
1.916369,0.257397
0.922828,0.281136
1.003967,-0.483816
-0.027001,0.481494
0.736794,0.785972
0.036051,0.283017
-0.670766,0.711007
0.131020,0.003720
-0.213408,1.007788
-0.906873,0.499918
0.511207,-0.431856
1.842185,0.107751
2.025844,0.335432
-0.533025,0.862769
0.268632,0.986269
0.028451,0.334737
0.247546,1.028229
0.515958,0.888559
0.782747,0.646086
0.819432,0.561826
1.939370,0.184643
1.966517,0.485379
0.924625,0.355707
0.517914,-0.338471
1.972504,0.260320
0.195165,-0.098085
1.845832,0.048773
-0.619102,0.878153
1.727975,-0.264424
-0.578160,0.837189
-0.245949,0.996837
0.026625,0.264243
0.873185,0.361307
0.976224,0.269384
-0.930674,0.492199
-0.555922,0.955568
0.242750,0.955609
1.737487,-0.138927
0.443066,0.897529
-0.382812,0.849153
0.890630,-0.563363
-0.475261,0.860293
0.365019,-0.261429
-0.887809,0.521981
1.641607,-0.265712
1.879358,-0.018662
-0.255584,0.983671
0.043374,0.260502
1.434775,-0.398752
0.565764,-0.363936
0.526678,-0.370332
0.694043,-0.391707
-0.026456,1.081857
-0.847267,0.431466
0.172583,1.008639
1.166126,-0.493553
1.374413,-0.422103
1.408259,-0.429106
0.889938,0.166371
1.983362,0.272501
0.838296,0.542851
1.965934,0.358674
0.708544,-0.466363
0.938326,0.395670
1.100142,-0.011371
1.064147,0.001836
0.284523,-0.171655
0.113803,-0.052634
1.378833,-0.543367
-0.000958,0.381396
-0.905032,0.375233
2.047609,0.164184
1.699922,-0.197014
1.066330,-0.522257
0.208213,-0.082881
1.600142,-0.175079
0.872006,0.397536
1.128587,-0.551878
1.462429,-0.351261
0.573997,-0.306477
1.146634,0.137362
1.599468,-0.287562
-0.808089,0.525154
1.457117,-0.425732
-0.607104,0.854972
0.932504,0.541233
-0.567541,0.784382
-0.460278,0.844130
1.085310,-0.517311
0.999779,-0.442674
0.032724,0.371664
0.059097,0.078847
-0.866164,0.505889
0.716936,-0.455920
0.998835,-0.431956
1.113096,-0.508023
-0.203507,0.950978
1.959072,0.487298
1.386914,-0.456107
-1.099627,0.136704
2.059840,0.432235
0.330258,0.857258
0.702587,0.690607
0.850797,0.322064
-0.950011,0.109711
1.983474,0.113419
0.442919,-0.301022
0.943337,0.146618
0.901811,0.364058
-0.013385,0.464411
0.891167,0.534262
0.027229,1.031118
0.362115,-0.214019
-0.659791,0.768939
-0.124536,1.032673
0.446506,0.782955
-0.653496,0.674169
0.270653,-0.195340
1.702134,-0.186099
0.507496,-0.366790
0.431781,0.747165
0.979589,0.000920
0.622311,-0.360232
0.842472,-0.513053
0.647457,0.895122
1.272065,-0.360374
0.043870,1.055402
0.843043,0.690639
0.557428,-0.344724
1.974148,0.241818
0.220974,-0.377614
-0.699670,0.750974
1.820965,0.197730
0.037885,0.141005
0.274628,-0.212004
0.674245,-0.360150
0.826941,0.502313
2.016175,0.113133
1.971660,0.402211
0.177818,-0.019229
0.146337,0.053989
-0.009909,0.163500
1.853695,-0.153673
-0.843339,0.572550
0.135400,0.037557
1.102143,-0.509564
0.041989,0.375906
0.780380,-0.449696
-1.023748,0.084482
2.029472,0.471608
0.999826,-0.513334
-0.814068,0.542865
1.632653,-0.345049
0.226897,-0.211950
0.901812,0.469903
0.548328,0.736440
0.957685,-0.547863
0.635365,0.944004
0.889920,0.463140
0.908374,-0.466284
-0.234021,0.931290
1.055193,-0.527924
1.908543,0.226559
0.482078,0.787145
0.929853,0.397198
1.936739,0.068028
2.002769,0.389991
0.942807,-0.473946
-0.068575,0.178617
1.154172,-0.416991
-0.641387,0.652037
1.509908,-0.420340
-1.006272,-0.024655
1.353885,-0.470947
1.669822,-0.252165
0.569311,0.868039
1.991853,0.434538
1.061906,0.139422
1.971359,0.405510
1.931689,0.505989
1.410157,-0.448240
-0.013909,0.462687
-0.038649,0.403840
-0.819100,0.464138
0.029022,0.192337
0.160713,-0.089768
0.797905,-0.437123
1.704465,-0.264720
0.572366,0.758845
0.059362,0.298696
-0.877247,0.304810
0.497708,0.929087
1.131332,-0.452087
-0.076906,1.028125
0.206768,1.019489
2.044906,0.408138
1.986876,0.443144
0.760352,-0.439740
-0.350446,0.910368
-1.023378,0.314118
-0.853849,0.463034
0.832686,0.606406
0.128512,0.013655
-0.479631,0.867088
1.924701,0.066415
0.929202,-0.584704
2.000710,0.196940
0.835331,0.373084
-0.394960,0.873502
0.042110,0.373853
0.098033,0.156039
1.825619,-0.183995
0.192753,0.951257
-1.032306,0.095250
-0.231275,0.980567
-0.392861,0.931653
0.742547,0.578593
1.897919,0.200804
0.132028,0.070885
1.747441,-0.088398
0.970474,-0.006949
0.411665,-0.313680
0.596182,-0.351149
0.246111,0.951257
-0.498264,0.841287
0.296838,-0.166433
1.897480,0.280312
0.886827,0.423852
-0.778908,0.617457
-0.827871,0.505596
0.016960,1.010480
-0.690705,0.623391
1.899943,0.187574
1.575100,-0.284394
1.599362,-0.290115
1.827676,-0.171970
0.640614,0.781558
-0.452625,0.910352
0.096425,0.035700
0.944655,-0.446613
1.944637,0.125945
0.991702,0.011050
0.567185,0.775573
0.956214,0.132114
-0.020624,0.460252
0.063735,-0.058934
0.646564,0.716101
0.679630,0.709478
0.267198,0.950132
-0.054444,0.408941
0.118505,0.065435
0.391664,0.873024
1.827258,-0.147479
-0.907594,0.019946
0.516946,-0.381954
1.794549,-0.089791
0.326982,0.933355
0.962733,0.443264
0.541856,-0.477922
1.923014,0.111388
-0.226153,0.930885
0.570670,-0.441163
1.550787,-0.358306
1.459238,-0.330409
1.975817,0.237764
-0.555276,0.696409
0.001057,0.121294
0.737905,-0.447314
0.990277,0.093238
-0.086306,1.016477
0.916182,0.551660
0.940565,0.205208
0.017662,0.966663
0.528672,0.845898
0.357444,0.956451
1.563528,-0.357675
-0.942860,0.334311
1.585627,-0.359553
1.928676,0.099131
0.095017,0.338231
0.924898,-0.472086
2.036343,0.411175
-0.574403,0.747772
1.136059,-0.490746
-0.492068,0.895225
-0.026507,1.013796
0.357114,-0.241120
1.238652,-0.436223
0.832373,-0.481410
1.794279,-0.086888
1.583279,-0.384797
0.864939,0.493064
0.108901,1.023065
1.591232,-0.340951
1.299330,-0.460191
0.542238,-0.334070
0.709064,-0.415847
0.689313,0.880840
1.285376,-0.573405
0.012806,0.403265
0.494507,-0.405231
0.007742,0.254634
1.315632,-0.441090
0.133353,0.024371
0.305174,-0.130463
1.662187,-0.245577
-0.057435,0.989650
-0.957520,0.384798
0.404240,0.868675
0.871474,0.529772
-0.867703,0.373777
1.959776,0.071442
0.732073,-0.487375
-0.973602,0.195138
0.753862,0.668392
1.844989,-0.191506
0.959180,0.259564
0.950285,0.201521
0.818626,-0.481480
1.410390,-0.416395
0.071673,0.984239
0.826146,-0.498143
0.725667,-0.390822
-1.012112,0.214511
1.216071,-0.374707
-0.323297,0.951944
-0.906638,0.477995
0.065262,0.253583
0.564323,0.769008
1.550065,-0.376826
0.176694,0.034995
-0.717092,0.779053
-0.992688,0.264090
-0.920969,-0.055014
0.033096,0.380539
0.961622,-0.453541
0.518984,0.819242
0.828405,-0.463983
1.009949,0.235695
-0.020791,0.246946
0.637303,0.869608
0.886494,0.409244
-0.372190,0.963840
-0.306030,0.900322
0.822670,0.627153
0.984704,-0.547525
0.876086,-0.573791
1.272270,-0.504759
0.453986,0.895360
1.646657,-0.164582
0.043007,0.332773
0.078537,0.338904
1.970898,0.502304
0.115437,0.887066
-0.944621,0.117200
0.962716,-0.478299
0.554514,0.751949
-0.285504,0.949542
0.788793,-0.554858
1.196852,-0.461948
-0.701997,0.770956
0.454747,0.817718
1.700746,-0.175376
0.998986,-0.502266
0.117999,0.075059
1.022004,0.039166
1.846356,-0.089839
0.398510,-0.145922
1.953010,0.131537
0.826140,0.556098
1.419462,-0.371995
-0.498297,0.941853
0.694592,-0.346622
-0.033112,0.399579
-0.241949,0.924930
-0.656953,0.801845
-0.802076,0.671831
0.437246,0.979820
0.165842,0.190119
1.328084,-0.400974
1.302227,-0.343294
-0.481000,0.903489
-0.790575,0.498746
0.960546,0.424408
0.822797,0.455817
1.135965,-0.560165
1.206114,-0.455960
0.114388,0.340060
1.945139,0.282324
0.379014,-0.333840
-0.419426,0.844713
1.754231,-0.087590
0.093447,0.933945
0.530957,-0.441690
0.231359,-0.098898
0.143605,1.051449
1.087796,-0.550781
1.278669,-0.382604
0.397485,0.892117
1.972314,-0.002552
-0.858078,0.557100
-0.945179,0.411334
0.484601,0.781868
0.039297,0.251189
0.175624,-0.003472
-0.575445,0.772238
0.325008,-0.178439
0.636090,0.693600
-0.693647,0.726359
-0.136509,0.984829
0.442222,0.927997
-0.699389,0.685105
0.159378,-0.158034
0.614225,0.851088
0.732830,0.642386
-0.778091,0.459058
0.934030,0.277007
-0.920522,0.346930
2.058827,0.408310
1.848107,-0.057887
-0.518007,0.776600
-0.968148,0.340153
1.209347,-0.489502
0.070340,-0.072279
0.016287,0.527370
-0.655708,0.671492
1.672761,-0.131891
0.039030,0.939392
-0.761616,0.643078
-0.994413,-0.004880
1.889260,0.175025
1.446741,-0.346651
0.741304,0.744359
-0.891877,0.439464
0.181453,-0.090935
0.915592,-0.490499
0.619125,0.787422
0.489823,0.938961
1.451266,-0.384501
0.953979,-0.432175
0.812653,-0.505844
1.890589,-0.002264
0.240134,0.999194
1.132441,-0.480540
1.895769,0.199393
-0.841078,0.493875
0.209566,0.041971
-0.947227,0.276297
1.826262,-0.057634
-0.948436,0.336568
0.216218,-0.222201
0.682796,0.715398
-0.965358,0.356215
1.675890,-0.227915
-0.974011,0.338259
0.390072,-0.215304
1.676278,-0.239088
0.187178,-0.126081
1.155491,-0.570183
1.093432,-0.528672
0.774349,-0.467466
1.760076,-0.061773
1.497061,-0.437224
-0.804556,0.610164
0.601239,-0.473578
-0.017615,0.258612
0.798029,-0.600556
-0.015960,1.052701
0.959077,-0.536728
0.161344,-0.144467
1.688602,-0.209616
1.933718,0.353305
0.119644,-0.095550
-0.755143,0.649150
0.416689,-0.308000
-0.087209,1.023063
-1.049215,0.254573
0.547723,0.812797
1.914343,0.154777
-0.021249,0.498891
-0.970909,0.138885
0.201110,-0.173072
1.001650,0.051803
0.368205,0.861059
1.456303,-0.397265
0.179768,-0.064213
0.007375,0.926530
0.046082,0.194302
-0.061426,1.010239
0.306532,0.880331
-0.147273,0.965312
0.894488,0.176227
0.989795,0.295155
0.192469,0.892375
1.977058,0.308865
0.181881,0.952833
-0.375512,0.916996
-0.181725,1.039723
-0.991700,0.297093
0.940545,-0.466137
1.931606,0.463833
0.198784,1.027790
0.906650,0.234297
0.993911,-0.568709
-0.732206,0.828653
0.710763,0.627151
0.926241,-0.407891
-0.304349,0.938439
0.919044,0.310972
0.229997,-0.147769
2.070009,0.400638
-0.908631,0.491882
-0.477249,0.967109
2.007607,0.453832
-0.948958,0.337862
1.924575,0.342986
-0.607390,0.768472
0.835574,0.573960
0.258952,0.962731
0.932237,0.467334
0.152243,-0.052999
1.237846,-0.437061
0.478483,-0.394732
0.314393,-0.252607
1.557346,-0.258243
0.082602,1.030899
-0.907585,0.351620
0.152644,-0.136149
0.371976,0.925763
0.269918,-0.289342
-0.976278,0.473911
1.957106,0.266256
0.614635,-0.393326
0.889936,-0.451546
-0.753489,0.618834
0.894079,0.319558
-0.391515,0.941661
0.913224,-0.424990
0.961624,0.070936
1.518606,-0.386270
1.787437,-0.192332
1.064372,0.091776
2.054619,0.185078
0.468274,0.971884
-0.168147,1.017266
1.969473,0.075281
-0.780881,0.639293
-0.878059,0.647845
2.033685,0.389290
0.157105,-0.110369
0.834287,-0.413237
-0.579415,0.776897
-0.768566,0.623245
0.816564,0.477959
0.229615,0.920443
0.843668,0.568039
0.312092,-0.173271
0.059229,1.063212
1.883669,0.108307
-1.006671,0.184886
-0.304291,0.931683
1.916124,0.033424
1.576942,-0.313644
0.420307,0.907240
0.063904,0.213089
0.610859,-0.447857
-0.969364,0.009423
0.707174,0.773790
-0.393827,0.947325
0.820509,0.450089
-0.101116,0.966180
1.591462,-0.371636
-0.825570,0.689738
0.851880,0.510722
0.507410,-0.373312
-0.968369,0.427776
1.358101,-0.496162
-0.622506,0.756888
0.705049,-0.394090
1.293639,-0.408768
1.037785,0.026656
1.393330,-0.430709
0.828244,0.642734
1.403834,-0.431451
-0.936903,0.275779
0.932919,0.219222
-0.932812,0.270256
0.988828,-0.429405
-0.541478,0.879453
0.408939,0.874570
-0.638182,0.780319
0.085053,0.271667
1.897437,0.116213
0.724062,0.664505
1.848798,0.093261
0.412042,-0.265551
0.164788,0.994280
0.950466,0.084268
1.152598,-0.513295
-0.528915,0.869282
1.963572,0.231686
0.653122,0.705221
-0.521852,0.728200
0.901888,0.283022
0.076555,0.034431
1.262048,-0.511709
0.426547,-0.453762
0.040012,0.389520
-0.980570,0.184541
0.065424,0.422893
0.971892,0.368664
-0.749299,0.637306
-0.596154,0.793889
0.316607,-0.184414
0.137386,0.071298
0.695246,0.759421
-0.903844,0.398853
0.572478,0.827115
0.226575,-0.152230
-0.379407,0.859316
-0.637366,0.814152
0.177348,-0.068220
-1.020371,0.111464
0.551217,0.890075
1.868515,0.091914
-0.224231,1.001045
-0.358475,1.007813
1.441506,-0.367359
0.267749,-0.172942
-0.818247,0.403784
-0.632391,0.751092
1.037160,0.034270
-1.009641,0.042598
1.881573,-0.019881
1.993376,0.012833
1.041739,-0.493058
-0.898338,0.380858
-0.870293,0.433332
0.581228,-0.370327
0.167629,0.990236
1.612749,-0.343685
0.658464,-0.452223
1.094978,-0.610989
0.164774,0.006508
0.724398,0.645320
-0.814293,0.623329
0.772026,-0.520849
1.980166,0.271602
0.121450,0.034216
0.665341,-0.503563
0.475402,0.829910
-0.961629,0.163834
1.821954,-0.195332
0.794153,0.554478
0.597162,-0.356666
1.935901,0.141111
-0.648894,0.723742
0.358367,-0.304889
-0.927527,0.208518
1.068933,0.124386
0.247558,-0.124282
0.243509,-0.088770
0.482385,-0.369123
0.321086,-0.191156
0.661073,-0.448756
1.671091,-0.208727
1.878269,0.052375
-1.101456,0.327405
0.658477,0.646268
-0.600491,0.696644
0.748208,-0.435956
0.118662,0.114963
0.549244,0.942913
1.995058,0.515783
-0.016066,0.970428
1.049386,0.105802
0.695113,-0.544031
-0.931450,0.438561
-0.355220,0.920892
-1.096497,0.117211
1.094935,-0.610997
0.516127,-0.391776
0.301056,-0.239802
1.663864,-0.222214
0.377645,0.943867
-0.409641,0.899218
0.252722,-0.013200
-0.021119,0.485991
-0.178830,0.945928
1.856372,0.090027
1.188448,-0.441664
1.011477,-0.532847
1.328859,-0.401797
-0.497486,0.870048
1.363448,-0.302981
1.855581,0.031566
0.178975,-0.148682
0.280395,0.885278
1.681878,-0.252260
1.252727,-0.552652
1.936703,0.097680
0.061568,0.262105
0.966871,0.199749
0.760492,0.620726
0.109267,0.164788
1.246913,-0.427189
1.656571,-0.222827
0.493512,0.853083
0.094285,0.056572
0.320730,-0.178522
0.757375,0.641355
0.072606,0.343470
-0.670210,0.894159
0.868809,0.486761
-0.545699,0.921297
0.100428,0.240397
1.836563,-0.028911
-0.090333,1.069045
1.189437,-0.545100
1.348723,-0.368425
0.108718,0.075120
0.399602,-0.386138
-0.119404,1.001999
0.688439,0.750344
1.062601,-0.559061
0.184889,-0.023692
-0.758315,0.669316
0.717159,-0.384766
-0.909938,0.561183
-0.982920,0.319264
-0.108137,0.497070
-0.999546,0.032477
0.276520,1.054348
-0.492027,0.819928
0.402174,-0.357896
0.472588,-0.337398
0.467317,-0.246198
-1.015953,0.041377
0.198449,-0.081800
1.347897,-0.428562
1.333858,-0.414736
1.438097,-0.409268
1.707434,-0.237203
0.480514,0.875362
0.249412,0.905059
0.001209,0.203606
-1.004397,0.014318
0.279745,1.014260
0.748094,-0.467153
0.312644,-0.282982
0.072637,0.315485
0.828278,-0.531691
0.004594,0.278043
0.144455,1.009430
1.859121,0.045314
0.028798,0.211018
-0.212217,1.025824
0.615919,0.839214
-0.252514,0.827435
0.589610,-0.461751
-0.670099,0.761767
0.307854,0.909715
0.125821,0.007889
0.659449,-0.498938
0.650434,0.729574
-1.052042,0.186184
-0.987806,0.277170
-0.832764,0.538929
0.273769,-0.040717
0.962533,-0.578034
0.314386,0.904307
-0.871241,0.572956
0.965021,0.163790
1.918917,0.099624
-0.732098,0.646939
1.002131,-0.512783
1.089008,0.158584
0.103860,0.946717
0.081356,0.177212
1.703623,-0.228622
-0.170291,0.922361
2.084002,0.443698
1.118890,0.080402
0.438882,-0.217909
-0.158365,0.936303
1.935822,0.439027
0.018439,0.266190
-1.021913,0.307078
-0.065755,0.492190
0.079771,-0.063565
1.012893,0.135501
0.635508,0.770166
1.863501,-0.042010
-0.455369,0.848280
0.590426,-0.502838
0.387438,0.917619
0.166919,-0.081026
-0.812904,0.556904
-0.013080,0.284503
0.895626,0.679699
0.852088,0.576115
0.434896,-0.323934
2.047918,0.042416
-0.045261,1.001470
0.361246,-0.316118
-0.325899,0.826003
0.010727,0.186876
-0.769121,0.649514
1.245867,-0.597222
0.623145,0.780686
0.007592,1.014044
0.039701,0.071809
0.764541,-0.582351
0.278942,-0.019376
-0.823047,0.747271
1.907258,0.249185
0.710948,0.706705
0.859146,-0.507940
-0.075956,0.408002
-0.005631,0.397601
0.752965,0.632054
1.611221,-0.390981
1.085198,-0.502869
1.973573,0.102054
1.578224,-0.291464
1.729811,-0.163819
0.074223,0.126436
1.568851,-0.469171
0.693251,-0.459013
-0.700711,0.660097
0.934623,0.195679
1.478248,-0.342670
-0.517593,0.925481
1.430076,-0.430116
1.795793,-0.042396
0.099315,0.948296
-0.337352,0.938065
-0.385789,0.878682
0.097297,-0.044268
1.705487,-0.269174
0.928160,0.095754
0.301217,1.037744
0.820479,0.341561
1.756599,-0.199947
0.623857,-0.440791
0.742814,0.608300
0.145691,0.069156
-1.012909,0.049589
-0.984909,0.170231
1.963819,0.349671
-0.272753,0.995681
0.417894,-0.311606
0.272051,-0.137980
-0.272707,0.957841
-0.370674,0.915775
-0.257500,0.935854
-0.039494,1.020337
1.802897,-0.033403
0.833477,-0.497693
0.666922,-0.389149
-0.148785,0.949470
0.658994,0.715586
0.944433,0.067423
-0.833349,0.622582
0.728422,-0.360357
-0.002416,0.378693
1.228314,-0.404696
-0.898728,0.327258
-0.939654,0.220469
-0.772040,0.679470
1.994748,0.168722
-0.635799,0.759568
0.950400,0.176119
0.043202,1.003083
-0.760190,0.667187
0.434150,-0.359458
1.744110,-0.081438
-0.676418,0.633618
0.098744,0.025710
1.259222,-0.435408
0.658356,-0.463091
0.014108,1.009522
1.975379,0.376797
0.025167,0.403980
-1.011614,0.094036
0.782974,0.657696
-0.462866,0.958275
-0.644351,0.768197
0.058212,0.237963
1.363137,-0.421789
0.800725,0.594447
0.588954,-0.411334
-0.816070,0.588910
-0.290651,0.914764
1.190706,-0.469432
1.858495,0.002461
2.007463,0.383649
0.927172,0.221833
0.972072,0.217150
1.828082,-0.106833
0.279459,0.994933
0.785818,-0.550050
0.056021,0.381359
0.379455,0.924164
-0.511267,0.705773
1.713593,-0.177013
0.550915,0.832615
0.895419,0.469496
-0.570096,0.799628
-0.192229,0.915595
-1.014601,0.051512
0.384367,-0.176334
1.709099,-0.184642
0.055386,0.066227
1.574804,-0.403694
0.084532,0.217415
0.867517,0.501411
1.939420,0.110185
1.044866,-0.488064
0.164622,0.049888
0.812357,0.610517
0.743247,0.647222
-0.944796,0.415534
1.689669,-0.294792
1.455258,-0.380739
0.302634,0.982642
1.772930,-0.105931
0.163029,0.957874
1.261524,-0.503767
-0.229122,0.978183
1.727673,-0.146318
1.948705,0.422646
1.971821,0.404290
-0.914931,0.524530
0.078725,0.125599
0.292464,0.916127
-0.873558,0.328721
-0.459124,0.901547
2.001412,0.183460
-0.986427,0.139963
1.919253,0.190960
0.474241,-0.245622
-0.119939,0.417786
-0.015028,1.016452
-0.813240,0.528595
0.097097,0.136058
1.640821,-0.206832
0.481508,-0.402749
1.972055,0.076330
-0.376304,0.924788
-0.070564,1.043513
1.127087,-0.487572
-1.026641,0.130336
1.017735,0.179946
0.939738,0.450775
1.953344,0.395627
1.498596,-0.352473
0.931882,0.089644
0.860881,0.507097
0.116485,1.000873
1.377190,-0.392383
-0.995246,0.134142
2.018213,0.380129
-0.393188,0.909847
0.147481,-0.025996
0.008641,0.307231
0.532293,0.883534
0.631328,0.745599
1.787926,0.039386
1.629622,-0.249078
0.985188,0.331476
0.582820,-0.356580
-0.295752,0.969368
0.579132,0.807282
-0.941227,0.244461
1.125984,-0.492767
0.955179,-0.513462
0.797731,0.686845
1.561965,-0.323679
0.016150,0.358570
0.993482,0.258663
0.935490,0.380446
-0.342137,1.000413
-0.975425,0.011225
2.065665,0.225320
1.765541,-0.126702
0.829992,0.441030
0.277950,-0.219304
0.938155,0.328280
1.023986,0.145713
-0.751085,0.614849
0.277547,-0.168863
1.029590,0.428294
0.067713,0.317571
0.121452,1.010631
-0.104859,1.031338
0.071022,0.005868
1.123458,0.161400
0.052497,1.042580
-0.724507,0.740847
0.864941,0.405365
0.487117,0.966636
0.376688,0.963325
0.151355,1.074858
-0.222475,0.967887
-0.573755,0.706656
0.288092,-0.098432
0.465828,-0.383943
0.610887,-0.383106
1.870685,-0.146057
0.757122,0.773923
1.676974,-0.297625
-0.936550,0.077729
-1.006976,0.195126
-0.342042,0.930834
0.843431,0.351315
0.722606,-0.336786
1.006011,0.294840
0.134641,0.235093
1.591213,-0.221486
1.040533,0.035238
1.180130,-0.475522
0.290421,1.003517
0.685229,-0.405173
0.414912,-0.260546
0.920321,-0.574302
-0.377035,0.967032
0.715999,0.699125
-0.134793,0.993156
1.622378,-0.273826
-1.027183,0.210046
0.841521,0.442552
0.454310,0.776018
-1.001160,0.067451
1.972950,0.335142
1.736061,0.026422
-0.149659,0.958258
0.463468,-0.228677
0.931081,0.287988
0.636126,0.795460
1.016104,-0.603160
0.642583,0.818628
-0.043543,0.149810
0.825709,0.518041
-0.497051,0.805283
0.797576,0.540165
0.163337,0.939959
-0.936509,0.378801
1.975342,0.274546
1.736957,-0.113724
0.269465,0.960989
0.219042,0.996334
0.250075,0.859499
2.020204,0.319826
1.706425,-0.128822
-0.953959,0.235329
0.596313,-0.481759
0.326153,0.951436
0.424060,0.952364
0.944088,0.215340
0.579960,0.784036
1.857338,-0.126610
0.897893,-0.492967
1.578335,-0.378014
-0.009571,0.969617
0.688531,0.636188
0.662070,-0.372232
-0.644704,0.721488
0.845323,-0.505838
0.473891,0.894161
0.974723,0.361177
0.146422,1.058093
1.217468,-0.428192
0.110948,0.156378
0.650007,-0.425195
0.478028,-0.362510
0.683483,0.667908
-0.852169,0.513489
-1.006157,0.327844
0.875539,0.515311
-0.974929,0.244206
0.195833,1.002548
1.529080,-0.464075
1.133509,-0.504274
0.033950,1.020058
0.103340,0.016498
0.997842,0.215707
-0.662712,0.814007
1.505429,-0.317206
0.278286,-0.111746
0.952543,0.250941
0.818485,-0.524757
0.897664,0.327400
-0.910127,0.303057
-0.187730,0.992597
1.279752,-0.464755
-0.480059,0.840979
0.366615,-0.300606
1.607695,-0.319799
0.081574,0.955099
0.039750,0.319562
-0.858097,0.287817
0.911275,0.531874
-0.922716,0.169106
0.534947,0.835165
0.939465,0.201606
1.909566,-0.055861
-0.005714,0.960157
1.071746,-0.589241
0.583282,0.705018
-0.448529,0.819515
-1.017594,0.210197
1.817371,-0.083464
2.025201,0.309625
0.039978,0.974665
0.838716,0.345596
-0.597860,0.837239
0.510122,0.831658
-1.030945,0.208274
0.303170,0.888104
-0.461904,0.895787
-0.928702,0.263551
-1.015328,0.329497
-0.405340,0.926476
1.145450,-0.515664
1.940555,0.053397
-0.910686,0.289957
1.060378,-0.057434
0.683445,0.558207
-0.345173,0.964054
-0.596788,0.815605
1.012759,0.136943
1.005296,0.142781
0.799258,-0.519017
0.818277,0.598565
1.895256,0.238738
1.857760,-0.050661
1.421040,-0.375190
1.672787,-0.231912
0.308042,-0.230707
0.431766,-0.194973
0.435579,0.963815
0.044856,0.412791
0.347056,-0.364506
1.920370,-0.092390
0.831423,0.710502
1.012252,-0.515210
-0.781817,0.523690
0.702330,0.629074
0.927252,0.377359
0.227582,0.990260
0.792604,0.579871
-0.536496,0.773474
0.800823,0.631022
1.355085,-0.366669
-0.217711,1.011402
1.376758,-0.393324
1.960849,0.335418
-0.939949,0.011130
0.715033,-0.464803
1.940771,0.375780
0.753700,0.618676
0.622385,0.741939
0.934667,0.317529
0.763470,0.441955
-0.996147,0.170844
0.513599,-0.277081
0.997469,-0.471035
-0.845323,0.510093
0.475760,0.921006
0.593031,-0.417354
0.467587,0.826188
0.653497,0.756363
-0.542092,0.820145
1.423155,-0.520190
1.859450,-0.070208
-0.781510,0.682589
-0.007837,0.422309
0.078641,0.230404
1.788088,-0.075634
1.874665,0.110144
0.950470,0.504849
-0.517521,0.935731
-1.006877,0.024925
2.035599,0.347064
0.353235,-0.203339
-0.164684,0.918088
1.901840,-0.014838
1.554433,-0.402777
1.897466,0.142041
0.236810,-0.163772
-0.846794,0.652233
1.019942,0.096580
-0.419674,0.871612
-0.323713,0.910569
0.019082,1.021737
1.789004,-0.131108
-0.053392,1.080008
0.408330,-0.292954
0.252614,-0.054029
0.790805,0.660736
1.045339,0.097092
1.948740,0.327061
0.922946,0.101469
0.611609,0.751169
1.391576,-0.516279
1.957685,0.301779
0.837765,0.506757
-0.093853,1.056129
0.433101,-0.344010
-0.929764,0.618600
0.383560,-0.299017
0.994190,0.208221
-0.229085,0.898176
1.043283,0.053573
-0.372264,0.949968
0.979627,0.081638
-0.931973,0.191856
0.508266,-0.370294
0.895130,-0.499053
1.023535,0.234802
0.305766,0.912976
0.772979,0.762833
-0.425254,0.864230
1.231002,-0.277306
1.799972,-0.000858
1.653402,-0.244387
0.286357,-0.215415
-0.970023,0.471745
1.502128,-0.375020
0.723898,-0.449772
0.836402,-0.485283
0.869192,0.337049
1.956826,0.352928
0.858089,-0.518119
1.695878,-0.309891
0.943573,-0.529393
-1.040165,0.173846
0.940780,0.366304
0.620963,0.802965
-0.213725,0.925823
0.034180,0.213612
0.956184,0.403436
-0.010376,0.228591
0.006943,0.507747
2.047845,0.426599
-0.795733,0.654101
0.064035,1.020211
1.912187,0.024228
0.611397,-0.514945
1.864300,0.014501
1.823744,-0.148438
-0.117417,0.988513
1.922220,-0.016294
-0.256868,0.987706
-0.972860,0.145409
-0.858199,0.538700
0.915959,0.334488
1.987366,0.383968
-0.502221,0.699072
1.747088,-0.245841
-0.042029,1.024687
-0.587455,0.785088
0.012742,1.007191
0.088285,0.866318
-0.620902,0.834542
1.272980,-0.482596
1.846568,0.039601
1.970765,0.434205
-0.342508,0.916481
1.014472,0.035224
0.583167,-0.409439
1.420442,-0.395533
0.454531,-0.441257
1.609508,-0.283508
0.055417,0.271149
1.292290,-0.508136
0.353964,-0.267153
0.926988,0.272175
0.890371,0.639611
-0.069992,0.277218
0.135506,0.961590
0.434002,0.873480
-0.021112,0.991913
1.116378,-0.526431
1.755894,-0.114094
0.464604,0.958440
0.886219,0.479436
0.164946,0.932213
-0.466007,0.873420
0.684667,0.760093
-0.003671,0.993492
0.937178,-0.404389
0.219184,1.048470
0.408259,0.918050
1.759598,-0.109586
0.192327,0.008802
-0.618510,0.432129
0.274669,0.973557
0.564408,-0.347628
1.305526,-0.387067
-0.036940,1.007816
0.163768,-0.051593
-0.642653,0.712382
-1.025775,0.166190
1.957845,0.404315
-0.976959,0.032696
-0.032462,0.545597
-0.822857,0.519958
-0.999813,0.424492
0.100990,0.146504
-0.860756,0.369964
0.210792,0.953066
-0.108266,1.048752
-0.041056,0.955750
-0.800103,0.548430
1.028279,0.219017
1.357747,-0.486068
0.474181,0.856383
1.742360,-0.220800
-0.987260,0.165188
0.317068,-0.345981
0.103809,0.966609
0.968409,0.074502
-0.688773,0.482901
0.420466,-0.300123
0.225773,1.060561
-0.942669,0.398174
-0.733946,0.759365
1.679288,-0.127823
0.288806,0.926241
1.994018,0.313083
1.874483,0.050379
0.067009,0.136100
1.916497,-0.031133
2.081198,0.559531
-0.005412,1.029706
0.211602,-0.060002
2.053747,0.475183
1.071085,-0.449234
-0.883027,0.272659
0.248067,-0.201846
-0.173724,0.938925
-0.104135,0.952992
1.577028,-0.337435
1.386112,-0.339596
0.109427,-0.047000
0.374776,-0.262871
0.051254,0.187838
0.198910,1.020990
1.557673,-0.395294
0.623146,0.797782
0.480896,-0.320701
0.585149,0.828198
-1.074079,0.258404
0.050539,0.131252
1.834350,-0.095088
0.730521,-0.571171
-0.952832,0.533815
-0.901812,0.475587
-0.153573,0.984750
0.298297,0.979318
1.189487,-0.462270
0.600288,0.653885
0.023171,0.200699
1.201793,-0.532590
0.264881,1.015031
1.775171,-0.166966
-0.920809,0.155817
-0.649149,0.620113
-0.439456,0.883527
0.101073,0.032589
-0.151339,1.034400
1.041777,-0.524637
-0.932986,0.225889
-0.774055,0.494982
2.001338,0.506423
0.077922,0.098825
-0.998078,0.157757
-1.034646,0.216500
1.958276,0.207568
-0.713440,0.656417
0.276069,-0.257374
2.017712,0.437109
0.073350,0.399967
1.974296,0.237692
0.899083,-0.590260
0.080817,0.342238
0.116167,0.169384
0.849689,0.465499
0.822865,0.305414
0.896971,0.497901
-0.019329,0.930314
0.656666,-0.397760
0.517928,0.803026
-0.114469,1.014314
-0.699887,0.704277
-0.818011,0.665037
1.203937,-0.452381
1.072968,-0.418849
0.588005,-0.374502
-0.554307,0.726806
-0.878476,0.098133
1.542218,-0.451594
-0.848795,0.545399
-0.803064,0.675553
0.519352,0.826729
1.200870,-0.348024
-0.943864,0.255074
0.193793,0.045742
1.058195,0.080721
0.468360,0.836477
1.710141,-0.137665
1.639968,-0.169691
1.758820,-0.137468
1.320852,-0.429309
0.155329,0.987283
-0.713077,0.645995
1.267314,-0.479200
-0.714049,0.688473
0.048535,0.276989
-0.276105,0.886525
0.149665,0.933981
-0.571784,0.791227
0.459386,-0.391082
0.476453,0.944667
