Car -1 -1 -0.9401 0.0000 192.1152 172.2302 336.7847 1.5600 1.6176 3.7932 -7.9203 1.6744 9.8636 -1.6167 11.6951
Car -1 -1 -1.0949 142.9771 185.1989 324.3778 268.1832 1.5933 1.6916 4.4874 -8.1181 1.5941 16.0479 -1.5632 9.3681
Car -1 -1 -1.4161 449.7145 185.3547 514.0849 230.1822 1.4898 1.6562 4.2585 -4.5039 1.4964 26.0432 -1.5874 9.1498
Car -1 -1 -1.4594 488.9986 183.5943 527.4056 214.4987 1.5194 1.5818 3.5531 -5.1263 1.4409 37.1359 -1.5966 5.3204
Car -1 -1 -1.5656 573.7956 184.4543 603.6155 211.0671 1.4436 1.6177 3.7881 -1.1041 1.4034 40.9007 -1.5926 4.0212
Car -1 -1 -1.2765 249.0335 117.9135 466.3374 294.5869 2.6243 2.1211 6.0435 -4.3611 1.6258 13.7102 -1.5845 1.9888
Car -1 -1 1.6888 528.9784 180.3388 555.7088 200.9735 1.5625 1.6296 4.0329 -5.1174 1.1944 56.4691 1.5984 1.1471
Car -1 -1 -1.6321 661.2805 177.4984 689.3191 201.6140 1.5501 1.6236 3.9806 4.4694 1.0552 48.2168 -1.5397 -0.1030
Car -1 -1 1.8503 518.3214 185.7915 560.4135 209.6851 1.4991 1.6562 4.2588 -4.4808 1.5401 47.4530 1.7561 -0.6343
Car -1 -1 1.4460 633.6381 183.0249 671.4582 210.1825 1.4746 1.6471 4.1430 2.4835 1.3567 41.1481 1.5062 -0.8030
