Car -1 -1 -1.1985 239.6759 190.1223 361.7568 252.6041 1.3718 1.5436 3.7233 -7.5571 1.5084 17.9559 -1.5969 13.3548
Car -1 -1 -0.8933 0.0000 190.4301 119.8110 276.1806 1.5010 1.6044 4.1041 -12.3323 1.6252 14.8935 -1.5849 10.9100
Car -1 -1 -1.2892 362.6727 183.2234 434.8795 227.0304 1.5407 1.6258 3.8046 -7.8462 1.4718 27.1814 -1.5703 10.2542
Car -1 -1 -1.5708 578.7305 181.7604 612.7694 212.8121 1.5019 1.6469 3.8349 -0.6472 1.3359 36.6973 -1.5885 7.7564
Car -1 -1 -1.4449 464.9471 182.0183 517.2097 220.1538 1.4984 1.6437 4.4110 -4.9017 1.3739 30.4732 -1.6044 7.6160
Car -1 -1 -0.7665 0.0000 198.1063 188.4091 375.0000 1.4793 1.5515 3.8802 -3.4595 1.5665 2.7944 -1.6578 7.5225
Car -1 -1 -1.1552 210.0484 188.7205 300.5258 232.3415 1.4296 1.5920 3.5674 -12.5086 1.5646 25.6587 -1.6088 6.6759
Car -1 -1 -1.3443 375.4644 180.5134 499.5933 269.2930 1.5815 1.6097 3.9755 -3.3803 1.4989 14.7911 -1.5689 5.9207
Car -1 -1 1.8869 297.8511 184.2312 360.6958 218.4650 1.4760 1.5799 3.8015 -12.7076 1.4347 32.9294 1.5186 2.1826
Car -1 -1 -1.6431 646.3141 185.1398 680.5153 212.9805 1.4821 1.6157 3.9878 3.0416 1.4792 40.2604 -1.5677 0.1170
