Car -1 -1 -1.7128 678.1574 182.3627 752.0623 240.2466 1.4498 1.5603 3.5540 2.8390 1.7430 20.4345 -1.5748 13.7282
Car -1 -1 -2.0198 785.1518 173.9756 1156.3540 374.0000 1.6736 1.5600 3.3884 2.7951 1.6868 6.5517 -1.6165 13.2488
Car -1 -1 -0.1805 733.4879 176.7700 854.2462 224.8755 1.6289 1.6221 3.9061 6.3807 1.7729 25.5175 0.0646 10.4991
Car -1 -1 0.3701 230.6199 186.5860 429.9474 256.9878 1.4402 1.5192 3.7835 -6.0809 1.7563 15.8223 0.0032 10.2158
Car -1 -1 3.5695 85.7392 185.8727 340.3464 276.8012 1.4835 1.6040 3.6751 -7.0204 1.7345 12.9606 3.0730 9.8346
Car -1 -1 0.3530 288.2823 183.7809 471.0780 248.1997 1.5074 1.5882 4.0636 -5.7286 1.7949 18.0685 0.0459 9.7379
Car -1 -1 0.8093 0.0000 193.3273 170.0566 374.0000 1.5492 1.6497 4.2473 -6.0127 1.7290 5.4402 -0.0261 8.7290
Car -1 -1 0.6398 0.0000 184.9052 270.4272 341.1744 1.5374 1.5851 4.0217 -6.2324 1.6862 8.0539 -0.0187 8.7127
Car -1 -1 -2.5887 0.0000 161.3150 300.8495 291.0735 1.7310 1.6254 3.7801 -6.7803 1.5774 10.4760 -3.1631 8.4845
Car -1 -1 -1.6249 637.1057 181.2628 661.0767 201.7278 1.4415 1.5909 3.8127 2.8834 2.0969 54.2946 -1.5719 8.0051
Car -1 -1 3.3167 382.6222 183.8465 500.0665 223.6546 1.4468 1.6397 4.1633 -6.4343 1.8828 27.6644 3.0882 4.7903
Car -1 -1 0.3936 321.8745 178.1052 469.2391 236.0164 1.5540 1.5535 3.7022 -6.0823 1.7106 20.5017 0.1052 4.5133
Car -1 -1 -1.4229 541.4900 177.8169 567.1421 197.8112 1.6677 1.6606 4.0987 -4.8734 2.1182 63.3282 -1.4997 1.7367
Car -1 -1 1.3739 358.7184 159.7913 394.6064 183.9588 1.5439 1.5871 3.6472 -15.6066 0.7098 48.0701 1.0600 0.5325
Car -1 -1 1.7033 507.8223 182.0510 545.4967 209.7801 1.4567 1.6345 3.9124 -4.7408 2.0071 41.1800 1.5887 -0.0452
Car -1 -1 -1.5634 522.7687 175.9461 546.6482 198.5193 1.4722 1.5680 3.5008 -5.1693 1.6920 49.3717 -1.6677 -0.1549
