Car -1 -1 -1.8131 699.3981 179.3996 846.1531 279.8606 1.5232 1.6523 3.9811 2.7326 1.6619 13.2217 -1.6093 13.5545
Car -1 -1 0.3789 257.2267 186.2391 463.7053 248.7061 1.3800 1.6181 4.3771 -5.9130 1.7172 17.2427 0.0485 13.4088
Car -1 -1 0.5929 57.7662 177.1226 343.5839 287.0490 1.6043 1.5824 3.7352 -6.4759 1.6786 11.5417 0.0816 11.1919
Car -1 -1 -1.7216 672.4665 178.1158 738.7879 227.2350 1.4800 1.6058 3.9320 3.0662 1.6709 24.1478 -1.5953 10.3857
Car -1 -1 3.7431 0.0000 189.5062 277.6490 321.2207 1.4781 1.5596 3.5307 -6.3677 1.7067 9.0919 3.1322 9.8734
Car -1 -1 -2.3182 0.0000 198.5500 187.5224 374.0000 1.4623 1.6235 3.8374 -6.3298 1.7334 6.6668 -3.0777 9.4702
Car -1 -1 -1.6489 649.2849 171.6388 682.9568 200.6496 1.6663 1.7021 4.0520 3.3006 1.5969 43.4681 -1.5731 7.8444
Car -1 -1 3.4521 294.6592 179.7190 455.4030 235.8369 1.4603 1.5762 3.8913 -6.3954 1.6563 19.7605 3.1391 7.4000
Car -1 -1 -2.3458 898.0765 206.6049 1241.0000 374.0000 1.4530 1.5827 3.7073 3.0203 1.7106 3.5888 -1.6462 7.2524
Car -1 -1 3.4009 324.9288 167.0360 467.2930 224.5289 1.6961 1.6406 3.9018 -6.5291 1.5249 22.1570 3.1144 2.7448
Car -1 -1 3.1962 496.9068 174.2825 553.9949 198.3106 1.5651 1.5815 3.6928 -5.6204 1.6623 48.0060 3.0796 1.5239
Car -1 -1 0.2968 478.4081 175.3171 551.8398 202.7091 1.5057 1.5777 3.8394 -5.3963 1.6496 40.9500 0.1658 -0.0299
Car -1 -1 -1.2257 240.6834 148.3429 294.1417 174.8894 1.4732 1.6086 3.8406 -19.9170 0.1133 42.0285 -1.6682 -0.1201
Car -1 -1 -2.8560 514.0722 172.7160 565.6887 191.7415 1.4849 1.5798 3.7997 -5.5924 1.4745 57.4435 -2.9531 -0.6638
