Car -1 -1 -1.1820 103.8928 185.7972 423.8218 375.0000 1.5596 1.6278 3.7960 -3.2711 1.5684 7.6102 -1.5879 13.3370
Car -1 -1 -1.3657 356.4632 190.6721 464.9027 265.7896 1.3956 1.5518 3.4697 -4.1330 1.5270 15.3861 -1.6282 12.6403
Car -1 -1 -1.5991 561.0525 176.4588 601.8869 216.6835 1.6283 1.6432 3.6275 -1.2178 1.2749 30.9602 -1.6384 10.3207
Car -1 -1 -1.0897 94.4809 187.1744 221.1375 239.8785 1.3955 1.5852 3.7578 -13.0858 1.4594 21.1053 -1.6447 9.6628
Car -1 -1 -1.3610 380.6296 160.2904 444.8271 209.2563 1.9991 1.8239 4.5103 -8.5187 0.9826 31.6445 -1.6239 8.4226
Car -1 -1 -0.7998 0.0000 198.5732 102.4462 375.0000 1.4835 1.6772 4.5347 -7.7387 1.6673 7.5378 -1.5984 7.8250
Car -1 -1 1.9090 295.6759 169.5864 378.7565 215.4780 1.4397 1.5311 3.5746 -9.1019 0.9505 24.3491 1.5513 4.7510
Car -1 -1 1.9550 168.2940 183.2408 309.1994 257.5270 1.4726 1.5390 3.6577 -8.1458 1.4346 16.1328 1.4874 2.7567
Car -1 -1 1.5858 587.9797 165.4793 603.9334 181.0221 1.4754 1.5242 3.6459 -1.1502 -0.4240 71.0415 1.5696 1.5679
Car -1 -1 -0.9136 11.2411 173.2752 74.6111 195.3156 1.4500 1.5440 3.5698 -38.5096 0.6656 49.0803 -1.5789 1.0691
Car -1 -1 -1.4107 444.3411 179.2730 478.5060 202.4809 1.4583 1.5947 3.9087 -9.5747 1.0860 47.1504 -1.6110 0.9802
Car -1 -1 -0.9170 26.9532 171.6854 88.4403 192.8883 1.4693 1.5845 3.7044 -39.4760 0.5328 51.6643 -1.5695 -0.4190
