Car -1 -1 -1.4249 445.7435 179.5370 523.8578 237.3765 1.4811 1.6087 4.0627 -3.4314 1.3368 20.4513 -1.5912 13.1561
Car -1 -1 -1.3737 364.7084 188.7754 491.3914 275.4671 1.3841 1.5599 3.9632 -3.2852 1.4628 13.6492 -1.6099 11.7791
Car -1 -1 -1.5728 560.2894 174.7468 627.7564 241.6555 1.5936 1.6084 3.4382 -0.4143 1.3453 18.8550 -1.5948 11.3450
Car -1 -1 -1.4096 481.3386 172.3884 542.2966 219.6396 1.6720 1.6649 4.1639 -3.6271 1.2192 27.5392 -1.5406 6.6476
Car -1 -1 -1.4821 410.7992 170.4230 451.9130 202.3773 1.4395 1.5904 3.6370 -8.3953 0.7742 34.2971 -1.7222 4.0819
Car -1 -1 1.7457 458.2044 169.2334 493.3017 192.2442 1.4671 1.6264 4.0047 -8.7583 0.4493 47.8364 1.5646 1.7555
Car -1 -1 -1.5271 520.0294 178.0761 555.1408 209.6058 1.5036 1.5987 3.7442 -3.5179 1.1643 36.1895 -1.6240 0.6535
Car -1 -1 -1.2276 304.2306 185.4368 399.2655 236.7516 1.4787 1.5950 3.9113 -7.9939 1.4874 22.6864 -1.5663 0.1767
Car -1 -1 -1.5205 405.4610 177.5233 431.1770 199.4721 1.5329 1.6176 3.8687 -13.7554 0.9968 52.2615 -1.7779 0.0514
Car -1 -1 -1.6262 657.5669 164.8059 683.7847 188.0579 1.5740 1.6223 3.8220 4.3731 0.1935 50.5934 -1.5399 -0.4619
Car -1 -1 1.6530 386.6271 165.5944 409.3214 183.5029 1.4813 1.5742 3.7402 -18.0243 -0.1509 61.8282 1.3693 -0.5378
