Car -1 -1 -1.3799 424.3146 181.9795 507.4176 241.8600 1.5112 1.5806 3.7455 -3.8867 1.4307 20.0116 -1.5717 15.2243
Car -1 -1 -1.1228 0.0000 171.4613 407.5449 375.0000 1.6333 1.6717 4.2224 -3.1635 1.5563 6.2089 -1.5940 11.5691
Car -1 -1 -1.2449 307.8346 177.3379 400.1751 233.2821 1.6575 1.6396 3.9309 -8.1299 1.4253 23.2687 -1.5811 10.4412
Car -1 -1 -1.5632 570.6879 179.2603 611.6137 218.3311 1.5516 1.6257 3.7207 -0.7273 1.3162 30.4176 -1.5871 10.2020
Car -1 -1 -1.4439 500.4948 177.4050 549.0110 216.7574 1.6572 1.6472 4.2463 -3.7050 1.3294 32.4019 -1.5577 6.3001
Car -1 -1 -1.3808 383.9155 185.2243 439.6023 222.1655 1.4554 1.5875 3.7040 -8.2043 1.4569 30.2249 -1.6459 4.4785
Car -1 -1 -0.9788 0.0000 182.8224 184.2131 294.7437 1.4148 1.4976 3.3076 -8.0594 1.3856 10.7724 -1.6211 3.7204
Car -1 -1 2.0776 133.1127 187.4802 289.5580 261.5434 1.4534 1.5240 3.4979 -8.6649 1.5104 15.9666 1.5804 2.0751
Car -1 -1 1.9240 313.9242 162.5889 359.4868 186.2808 1.4761 1.5645 3.7612 -17.5626 0.0675 46.6706 1.5641 0.5426
Car -1 -1 -0.9727 50.4775 182.0615 209.0917 244.3143 1.4547 1.6007 3.7264 -12.2580 1.3821 18.6706 -1.5537 0.2489
Car -1 -1 1.7523 464.5249 168.5191 499.5866 191.7858 1.4835 1.5982 4.0360 -8.3424 0.4201 47.8569 1.5798 -0.6266
