Car -1 -1 -1.3132 372.7430 181.9085 489.1625 264.9130 1.5688 1.5682 3.4595 -3.6805 1.5075 15.3296 -1.5488 14.8218
Car -1 -1 -1.7742 696.6024 189.8313 799.7387 261.9402 1.3915 1.5318 3.4386 2.9222 1.5054 15.8255 -1.5916 13.4723
Car -1 -1 -1.0860 155.9960 187.8225 314.3999 263.1444 1.4247 1.5233 3.5931 -7.8993 1.4887 15.5254 -1.5567 13.1290
Car -1 -1 -0.9034 0.0000 201.7221 295.6218 375.0000 1.4973 1.6016 4.0451 -3.6474 1.6479 4.4696 -1.5878 11.7371
Car -1 -1 -1.4022 451.8854 181.7312 521.5010 232.9636 1.5285 1.5948 3.9266 -3.8897 1.4257 23.4092 -1.5669 10.8910
Car -1 -1 -1.6772 644.4948 181.0012 686.3914 212.8892 1.4714 1.6202 3.9525 2.7330 1.2781 35.1656 -1.5996 8.6174
Car -1 -1 -1.2914 337.6510 184.9413 415.5827 227.8011 1.4219 1.6259 3.9949 -8.2479 1.4139 25.8650 -1.6001 7.9273
Car -1 -1 -1.5821 587.8257 178.9468 611.0364 200.9754 1.5087 1.5904 3.5387 -0.6333 1.0805 51.0185 -1.5945 6.9230
Car -1 -1 -1.4377 491.1418 182.2439 533.6547 216.0714 1.5224 1.5494 3.5028 -4.5057 1.3898 34.1019 -1.5691 6.3463
Car -1 -1 -1.6457 668.4770 164.1224 696.0588 185.8638 1.4729 1.6140 4.3309 5.2124 0.0450 50.8813 -1.5436 6.2157
Car -1 -1 -1.5291 520.3404 180.9396 547.3433 204.3223 1.4476 1.5798 3.8282 -4.7640 1.1840 46.4578 -1.6313 4.0314
Car -1 -1 -1.3804 441.4544 170.6815 480.1848 195.7270 1.4413 1.6022 3.7586 -8.8169 0.6060 43.2524 -1.5815 3.9909
Car -1 -1 -1.4510 575.8823 181.0431 601.1817 199.8570 1.4678 1.5992 3.8220 -1.5349 1.1434 58.0559 -1.4775 2.3126
Car -1 -1 -1.6053 619.8784 181.6835 637.1917 197.0046 1.4336 1.5405 3.3741 1.9670 1.1042 68.9495 -1.5768 1.8133
