Car -1 -1 -0.3516 666.7701 165.6231 853.9859 235.4692 1.5062 1.5964 3.9168 3.3560 1.3507 16.6439 -0.1526 13.4894
Car -1 -1 -0.2005 617.3193 163.8073 724.6672 207.2931 1.5907 1.6261 3.8154 2.2323 1.2601 27.4249 -0.1193 10.3630
Car -1 -1 3.6195 0.0000 183.2752 231.2462 296.3419 1.5376 1.5611 3.5396 -8.0253 1.7124 11.0384 2.9908 10.2258
Car -1 -1 0.3416 118.8251 171.7204 327.9957 246.1023 1.6409 1.6346 4.0345 -9.0080 1.6163 17.0154 -0.1452 10.1737
Car -1 -1 3.7423 0.0000 202.0919 184.1484 335.9846 1.3764 1.5452 3.5789 -7.5067 1.7719 8.7908 3.0355 9.5570
Car -1 -1 3.3662 290.0721 170.0722 403.1975 212.6118 1.5570 1.6106 3.7781 -9.9785 1.4555 27.4391 3.0174 9.4521
Car -1 -1 3.5355 185.7231 176.7753 358.4259 232.1998 1.4297 1.5853 3.9455 -9.1275 1.5414 19.6074 3.0998 7.7925
Car -1 -1 0.4526 213.2273 170.9502 378.1335 223.3659 1.5569 1.6743 4.3979 -9.7036 1.5007 22.3609 0.0432 5.4572
Car -1 -1 -1.7126 317.8093 158.6159 350.6063 180.6937 1.4627 1.5848 3.8428 -19.1196 0.5198 49.8649 -2.0788 1.4804
Car -1 -1 1.5506 434.1813 166.8187 453.4627 184.9946 1.5798 1.6047 3.8926 -14.9661 1.0556 64.7933 1.3236 1.2556
Car -1 -1 -1.6588 604.5224 164.2223 649.6558 202.4830 1.5263 1.5884 3.6635 0.6296 1.1823 30.6612 -1.6383 0.8401
Car -1 -1 -1.1542 221.1742 164.1265 266.2211 184.7080 1.4635 1.5907 3.7272 -26.9800 0.8432 53.2053 -1.6235 -0.4665
