Car -1 -1 -0.9883 61.1923 185.3312 217.6543 243.6861 1.3894 1.5932 3.8834 -12.2611 1.3939 19.0699 -1.5597 12.0621
Car -1 -1 -1.5336 605.0302 176.7819 678.5023 247.6467 1.5458 1.6090 3.5889 0.8473 1.3630 17.5334 -1.4853 11.9034
Car -1 -1 -1.1537 128.9040 187.9187 404.0737 326.7309 1.4857 1.6781 4.5418 -4.3931 1.5332 10.0540 -1.5656 11.8370
Car -1 -1 -0.8001 0.0000 179.9084 82.6362 375.0000 1.6039 1.7180 4.5815 -8.1245 1.5654 7.6807 -1.6136 6.3641
Car -1 -1 2.0414 162.6762 174.8931 229.5660 203.0256 1.4785 1.6251 3.8848 -22.7032 0.9371 39.7543 1.5225 2.7337
Car -1 -1 -1.4418 655.2791 181.8579 690.6694 209.4921 1.5131 1.5756 3.6037 3.7575 1.3303 41.2862 -1.3511 2.5378
Car -1 -1 -1.1664 219.8534 156.1149 321.8406 210.9980 1.8241 1.7627 4.3828 -12.1187 0.8580 26.1049 -1.6010 2.4528
Car -1 -1 1.9635 287.0499 179.1821 338.6290 203.1136 1.4815 1.6381 4.1237 -19.0544 1.1091 46.5639 1.5750 0.6127
Car -1 -1 1.6225 718.6589 180.4479 739.6251 197.6734 1.4842 1.6364 4.0876 10.8424 1.0745 64.1061 1.7900 0.3093
Car -1 -1 -1.7399 703.7517 186.7816 734.4217 207.8987 1.4687 1.5889 3.7173 8.0175 1.5875 52.1419 -1.5874 -0.6563
