Car -1 -1 -1.5566 559.5522 179.2031 611.4501 229.7817 1.5901 1.6320 3.6016 -0.7732 1.4022 24.4105 -1.5882 12.5796
Car -1 -1 -1.4116 453.1135 180.9128 534.2349 237.7533 1.5355 1.7040 4.5706 -3.3595 1.4204 21.7055 -1.5652 11.6720
Car -1 -1 -1.1739 45.5983 166.9714 416.8547 375.0000 1.7494 1.6823 3.9352 -3.2284 1.6224 7.0391 -1.6039 11.6059
Car -1 -1 -1.3269 394.3752 181.9121 451.0803 217.9799 1.5365 1.6098 3.8204 -8.3344 1.3969 32.5360 -1.5776 10.7674
Car -1 -1 1.8752 358.9282 179.7370 410.3319 208.6173 1.5679 1.6432 4.1320 -12.7094 1.2716 41.0910 1.5752 6.3142
Car -1 -1 -0.8174 0.0000 184.7553 114.4004 375.0000 1.6197 1.6343 4.0805 -7.5452 1.6172 7.7270 -1.5909 6.2940
Car -1 -1 -1.4930 501.0527 183.4019 539.3887 215.8731 1.4853 1.5630 3.6188 -4.2120 1.4035 34.7205 -1.6137 6.1693
Car -1 -1 -0.9589 0.0000 189.4677 180.0125 261.2548 1.4818 1.5867 3.9418 -12.1453 1.5955 17.0456 -1.5779 5.4255
Car -1 -1 -1.1520 254.7737 178.6063 377.1265 243.3684 1.6030 1.6473 3.9462 -7.9153 1.4405 19.7927 -1.5324 3.5706
Car -1 -1 -1.3526 416.6112 181.9710 461.9626 211.3875 1.5213 1.6043 3.8657 -9.1355 1.3546 39.1136 -1.5820 1.7442
Car -1 -1 -0.0549 453.3118 178.0617 519.4608 202.9717 1.5064 1.6342 3.9710 -7.5897 1.0749 44.7037 -0.2231 0.7972
