Car -1 -1 -1.7594 623.0103 178.2229 703.4068 240.4627 1.6272 1.6320 3.9007 1.4179 1.8008 21.2472 -1.6928 11.7268
Car -1 -1 0.6533 0.0000 171.5398 224.8336 348.3124 1.7685 1.6778 4.0598 -6.8943 1.7557 8.1523 -0.0487 10.3673
Car -1 -1 3.2981 355.1873 187.5189 461.3678 229.0036 1.4581 1.5660 3.6333 -7.5317 2.0282 27.0418 3.0265 3.3887
Car -1 -1 -1.3442 315.7009 180.5597 430.1230 262.2274 1.5310 1.5936 3.5608 -5.0683 1.7189 15.7133 -1.6562 3.3137
Car -1 -1 -1.8005 561.7862 178.7621 591.6098 198.5759 1.5239 1.6089 3.7459 -2.7668 2.0216 58.7170 -1.8476 2.6196
Car -1 -1 3.2891 379.9584 180.0897 453.0314 211.0249 1.5108 1.5521 3.3949 -9.8184 1.8884 36.6504 3.0274 2.1384
Car -1 -1 3.4900 266.5377 179.1184 406.7097 233.0880 1.5806 1.6013 3.6996 -8.3573 1.7804 22.1441 3.1291 1.7814
Car -1 -1 3.3369 401.7579 170.3906 482.6795 200.5765 1.6897 1.6943 4.2650 -9.5879 1.5521 41.3018 3.1088 0.7123
Car -1 -1 -2.7816 292.2662 174.7364 423.3182 221.2420 1.5290 1.6072 3.9104 -8.5899 1.5959 24.6402 -3.1170 -0.0347
Car -1 -1 3.4754 399.1043 186.0717 473.8773 214.6421 1.4682 1.5652 3.6083 -9.3634 2.1990 38.9149 3.2393 -0.6192
Car -1 -1 -1.7336 570.5745 149.4581 599.4312 169.8169 1.4962 1.6142 3.8700 -1.9901 -0.2427 55.6929 -1.7693 -0.8207
