Car -1 -1 -1.3023 359.4972 182.8147 468.2883 249.9496 1.4259 1.5706 3.6683 -4.5225 1.3760 17.1058 -1.5608 13.6602
Car -1 -1 -1.0781 0.0000 193.1171 326.8143 374.8627 1.4475 1.5628 3.9396 -4.6262 1.5574 7.8928 -1.6082 12.8431
Car -1 -1 -1.5889 574.6115 176.3575 611.0711 210.4566 1.5500 1.6590 3.8035 -0.7900 1.1485 34.6060 -1.6117 10.2758
Car -1 -1 -1.4631 479.1530 161.7100 531.7103 212.0404 2.1473 1.8781 4.9196 -4.6629 1.1456 33.1548 -1.6028 9.9091
Car -1 -1 -1.3607 417.5847 179.4316 487.7314 227.0975 1.5368 1.6075 3.9432 -5.3699 1.3514 25.1445 -1.5711 9.0685
Car -1 -1 -1.2801 306.4871 180.8428 386.4406 225.7947 1.4501 1.5949 3.8221 -9.0704 1.3102 25.1384 -1.6264 8.7085
Car -1 -1 -0.9083 0.0000 176.5480 158.4521 254.1911 1.5452 1.5827 3.5651 -12.0429 1.3738 16.1007 -1.5505 8.5212
Car -1 -1 -1.0526 110.4492 185.0923 292.0717 262.2391 1.4419 1.5782 4.0523 -8.5426 1.4407 15.4688 -1.5572 6.1785
Car -1 -1 -1.4198 401.5088 165.5895 446.3178 196.9668 1.4564 1.5926 3.7033 -8.9968 0.5466 35.2829 -1.6695 0.1665
Car -1 -1 1.9257 312.7200 169.1672 361.2595 193.5610 1.4776 1.5938 3.9810 -17.1091 0.5066 45.5335 1.5663 -0.2092
