Car -1 -1 -1.2433 304.4422 186.5592 402.6004 239.7573 1.4279 1.5877 3.8299 -7.4499 1.4724 21.3096 -1.5796 14.2286
Car -1 -1 -1.0296 0.0000 191.9717 348.4270 375.0000 1.5114 1.5606 3.6359 -3.5354 1.5835 5.7190 -1.5832 12.2391
Car -1 -1 -1.5787 584.0461 182.3556 618.8373 215.0599 1.5230 1.6209 3.5607 -0.3598 1.3910 35.2677 -1.5889 9.7095
Car -1 -1 -1.3318 397.1328 182.0418 455.9845 219.4791 1.5128 1.6322 3.6524 -7.7445 1.3857 30.8761 -1.5775 8.1724
Car -1 -1 -1.3881 422.5621 181.2916 521.4481 254.5011 1.6155 1.6647 4.2917 -3.2994 1.5301 18.0064 -1.5694 7.4617
Car -1 -1 -0.9865 44.0707 184.1056 219.0960 247.2185 1.4619 1.6650 4.3831 -12.2642 1.4373 18.8444 -1.5634 5.8166
Car -1 -1 2.3334 0.0000 193.2057 182.8034 338.2657 1.4514 1.5807 3.9422 -7.7003 1.5800 9.4388 1.6491 2.4310
Car -1 -1 -1.3825 471.4378 180.7879 504.8589 203.1717 1.4785 1.5783 3.8322 -8.1996 1.1872 49.4139 -1.5469 1.9711
Car -1 -1 2.0929 266.2862 181.2995 354.0532 223.0747 1.6086 1.6266 3.8893 -12.2267 1.4589 29.7114 1.7025 1.5659
Car -1 -1 -1.4436 483.1127 183.6012 528.8307 217.4970 1.4864 1.6169 4.0031 -4.7179 1.4167 33.5303 -1.5834 1.1644
Car -1 -1 -1.3282 400.2873 179.5520 440.9889 204.3203 1.4654 1.5765 3.7659 -11.5349 1.1315 44.4192 -1.5822 0.7996
