Car -1 -1 -1.3145 809.6732 183.1674 933.4096 264.7317 1.4553 1.5649 3.7806 5.6188 1.7040 15.3756 -0.9641 13.0123
Car -1 -1 -0.8062 266.3201 175.7305 674.3817 374.0000 1.5600 1.5438 3.2057 -0.9814 1.5916 6.0647 -0.9666 11.4394
Car -1 -1 1.9766 611.6457 177.5106 826.6261 324.5159 1.5558 1.5442 3.5534 1.5703 1.6309 9.6681 2.1376 11.2343
Car -1 -1 -1.7533 1149.6318 196.8663 1241.0000 374.0000 1.5709 1.5374 3.4639 6.0152 1.8531 6.5894 -1.0135 6.9362
Car -1 -1 0.3544 807.9611 172.2840 918.1324 211.9933 1.4796 1.6008 3.8192 9.9830 1.4587 28.7133 0.6890 3.8520
Car -1 -1 2.1058 954.7125 179.2715 1044.3254 219.2158 1.6109 1.6412 3.9593 16.9170 1.9056 31.3729 2.6004 3.5025
Car -1 -1 -1.6123 1125.7431 190.1211 1208.8771 256.8790 1.4842 1.5592 3.4510 14.4156 1.9806 18.8622 -0.9598 0.8474
Car -1 -1 1.0271 1085.8427 183.9440 1148.8678 209.5747 1.6175 1.6731 4.0435 34.6174 2.4090 49.3995 1.6383 0.7094
Car -1 -1 1.0052 817.0408 143.4535 890.5652 175.0607 1.4759 1.6208 3.8719 11.9614 0.1034 35.7636 1.3279 0.1204
Car -1 -1 0.1838 917.1666 171.7241 996.5797 197.8148 1.4672 1.6191 3.9774 20.3213 1.4040 42.3981 0.6308 -0.5058
