Car -1 -1 -1.2562 310.5506 189.1220 445.3572 270.4686 1.3776 1.5150 3.3981 -4.3806 1.4643 14.0419 -1.5586 14.6703
Car -1 -1 -0.9865 0.0000 194.4026 212.5617 298.8840 1.3914 1.5196 3.7493 -8.2860 1.5676 11.7977 -1.5988 13.5803
Car -1 -1 -1.3843 425.2803 183.9279 496.3163 229.4745 1.3967 1.5986 4.0789 -4.8653 1.3584 24.0898 -1.5836 11.1288
Car -1 -1 -1.2091 279.1501 178.8684 381.5366 233.2639 1.5512 1.6400 4.1065 -8.6000 1.3713 22.5510 -1.5734 9.8808
Car -1 -1 -1.5770 576.0906 175.7808 609.7035 209.1586 1.6680 1.6806 3.8038 -0.8276 1.1976 37.8447 -1.5989 8.3721
Car -1 -1 -1.4272 480.8757 180.2979 524.1009 213.6791 1.4634 1.5131 3.3407 -4.8432 1.2489 33.1811 -1.5721 8.0587
Car -1 -1 -0.7264 0.0000 213.0756 171.5320 375.0000 1.4822 1.5908 4.0489 -3.9781 1.6887 3.2376 -1.6141 7.3685
Car -1 -1 -0.9985 54.5715 161.9984 235.7053 249.8122 2.0993 1.8516 4.7356 -12.3363 1.5454 19.5580 -1.5613 6.4601
Car -1 -1 -1.4338 466.9921 175.3785 495.7592 195.9191 1.4498 1.5884 3.6737 -9.2297 0.7566 52.6010 -1.6075 4.1427
Car -1 -1 -0.8649 704.1731 165.8795 785.7753 201.0538 1.6381 1.6490 4.1546 6.7663 0.7387 35.4166 -0.6761 2.0638
Car -1 -1 -2.9946 477.1884 166.9162 520.6079 182.9684 1.4751 1.5774 3.8170 -10.1410 -0.2111 67.0732 -3.1447 0.9885
Car -1 -1 -1.6772 664.5929 180.7072 716.8986 221.8892 1.5247 1.6336 4.0237 3.1944 1.3589 28.6264 -1.5661 0.9153
Car -1 -1 -1.6188 629.6947 180.4919 655.8799 203.0097 1.5027 1.6212 3.9818 2.3777 1.1886 49.9586 -1.5712 0.2715
Car -1 -1 -1.3294 419.7695 176.2250 462.3154 202.5735 1.4499 1.5755 3.5787 -9.5662 0.9563 41.3530 -1.5567 -0.7316
