Car -1 -1 1.9230 240.5962 195.5748 395.5123 282.7907 1.4488 1.6183 4.3299 -6.0089 1.9998 15.3023 1.5488 14.0041
Car -1 -1 1.8545 378.1910 188.5836 468.1689 243.8644 1.5009 1.6458 4.2135 -5.8554 2.0479 22.9353 1.6046 13.7117
Car -1 -1 2.1343 0.0000 203.9129 276.6879 358.9090 1.4742 1.5471 3.5445 -5.9585 1.9534 9.3466 1.5668 12.8264
Car -1 -1 -1.7820 701.4462 178.9613 806.1044 249.0495 1.4317 1.5972 3.9496 3.2124 1.5935 17.0776 -1.5961 11.7750
Car -1 -1 -1.7173 679.8561 174.5134 751.5776 231.1736 1.6142 1.6462 3.9262 3.1738 1.6711 22.6373 -1.5780 11.2617
Car -1 -1 -3.8089 1050.7401 132.9136 1241.0000 240.2101 1.5275 1.5857 3.7930 9.1172 0.9592 11.1001 -3.1213 9.8884
Car -1 -1 -3.5636 840.4889 158.5181 1018.4564 217.3261 1.4660 1.5537 3.9472 8.1763 1.1090 18.7831 -3.1530 8.9007
Car -1 -1 -3.6305 914.0637 148.8568 1125.6382 223.6104 1.5774 1.5770 3.7994 8.9464 1.0714 16.0486 -3.1219 8.7297
Car -1 -1 1.7844 433.2110 188.4441 491.6088 228.8673 1.4324 1.5537 3.5925 -5.8543 2.0934 28.7645 1.5837 7.5177
Car -1 -1 -0.6171 993.9150 142.2242 1241.0000 229.3639 1.5504 1.6328 3.9426 9.6223 1.0058 13.6577 -0.0034 6.9960
Car -1 -1 -1.6834 641.9999 177.4254 673.0107 202.7533 1.5570 1.5855 3.8587 3.0248 1.8678 47.0288 -1.6192 4.6026
Car -1 -1 1.6941 520.4535 181.0075 548.7965 202.5847 1.4816 1.6000 3.9499 -5.5298 2.1038 53.0373 1.5903 4.2096
Car -1 -1 1.7794 457.4316 174.5713 487.9298 194.2286 1.4765 1.5680 3.9322 -10.7417 1.6161 56.5223 1.5916 0.1141
Car -1 -1 1.5857 417.2013 168.5663 445.6707 195.0690 1.6640 1.7431 4.6719 -11.8153 1.3952 47.7733 1.3433 -0.3062
Car -1 -1 -1.5803 634.1404 157.3585 652.7612 175.9364 1.5775 1.5802 3.8147 2.8878 0.2621 63.1996 -1.5347 -0.7328
