Car -1 -1 -1.0449 35.8424 188.5344 250.8373 291.5999 1.5374 1.5609 3.5967 -7.9594 1.6054 12.6613 -1.6061 13.3898
Car -1 -1 -1.2011 218.7628 184.6272 350.1558 253.2234 1.5773 1.6763 4.2417 -8.2523 1.5649 18.6831 -1.6170 9.5562
Car -1 -1 -1.4214 460.7799 185.5470 518.5276 226.1029 1.4793 1.6448 4.1480 -4.6099 1.4945 28.3351 -1.5827 7.8309
Car -1 -1 -0.6649 0.0000 207.7205 159.9061 375.0000 1.4842 1.6160 4.1734 -4.6749 1.6750 3.9400 -1.5354 7.4901
Car -1 -1 -0.9737 0.0000 187.0137 168.2274 271.2099 1.5708 1.6159 3.7813 -11.3789 1.6153 15.4100 -1.6097 6.7005
Car -1 -1 -1.4580 493.5226 184.1733 530.2850 212.4543 1.4834 1.5933 3.7867 -5.2621 1.4298 39.6094 -1.5901 5.2584
Car -1 -1 -0.8671 290.8738 187.8816 368.9911 216.5654 1.5382 1.6843 4.4990 -15.9263 1.7017 41.3932 -1.2344 3.3027
Car -1 -1 -1.5791 575.3912 180.8134 604.7399 207.6806 1.4571 1.5925 3.5138 -1.0487 1.2195 40.7664 -1.6049 1.9799
Car -1 -1 1.6406 526.2852 181.2431 549.1359 200.2372 1.5051 1.5923 4.0135 -5.7294 1.1914 58.9857 1.5437 1.2842
Car -1 -1 -1.6111 657.7899 174.2309 684.7034 199.8256 1.7364 1.7172 4.4123 4.4436 0.9923 51.0093 -1.5242 0.9938
Car -1 -1 -1.0810 53.9148 167.7401 108.6781 188.7530 1.5024 1.6209 3.9463 -39.0945 0.2540 53.4608 -1.7125 0.3183
Car -1 -1 -1.1049 215.7030 178.3552 306.7433 220.5684 1.4618 1.5549 3.6947 -12.8202 1.2253 26.7506 -1.5519 0.3136
