Car -1 -1 -1.1864 161.7680 188.8313 424.4689 346.8940 1.4873 1.5562 3.7287 -3.5265 1.5416 8.7102 -1.5711 14.4034
Car -1 -1 -1.2693 346.5525 183.7642 429.9437 229.1407 1.4163 1.5710 4.0725 -7.3980 1.3721 24.4758 -1.5629 11.0297
Car -1 -1 -1.5786 584.7632 178.0926 621.3892 213.3053 1.5825 1.6467 3.6917 -0.2739 1.2635 34.1603 -1.5866 10.2713
Car -1 -1 -0.9442 1.4190 186.8827 201.9556 259.5072 1.4527 1.6284 4.1633 -11.4280 1.4971 16.5713 -1.5479 10.1301
Car -1 -1 -0.8392 0.0000 189.1396 106.2893 375.0000 1.5697 1.6066 4.0130 -7.6094 1.6244 7.7649 -1.6145 9.2776
Car -1 -1 1.7784 421.2283 178.4328 475.9102 215.0524 1.6498 1.6941 4.4144 -7.6108 1.3453 34.5972 1.5619 7.9140
Car -1 -1 -0.9930 133.4376 189.3808 310.8662 271.4152 1.4168 1.5094 3.3712 -7.5434 1.5112 14.3380 -1.4773 7.6815
Car -1 -1 -1.4127 452.3594 175.4946 531.5490 239.7837 1.7039 1.6735 3.9928 -3.3244 1.4473 21.0456 -1.5694 4.7360
Car -1 -1 -2.7211 266.6444 181.2634 362.7624 214.0843 1.4581 1.5713 3.7452 -13.3512 1.2837 32.7810 -3.1079 -0.0865
Car -1 -1 -0.8061 691.7800 181.3289 761.3455 208.8127 1.4783 1.6093 3.9068 6.6876 1.2704 40.4774 -0.6424 -0.5609
