Car -1 -1 0.3534 231.2249 176.5459 445.3659 249.3410 1.5630 1.6496 4.2496 -6.1052 1.6516 16.4052 -0.0029 12.7279
Car -1 -1 -1.6895 661.1169 176.3656 724.6895 225.1468 1.4777 1.6357 3.9170 2.6387 1.6049 24.1036 -1.5804 12.0143
Car -1 -1 0.6417 0.0000 170.6300 275.7267 322.6301 1.5874 1.6547 4.2755 -6.4662 1.5645 8.3914 -0.0148 11.1072
Car -1 -1 3.6513 31.5454 176.9778 347.9717 287.7025 1.5181 1.5845 3.7925 -6.1442 1.5846 10.7599 3.1324 10.9268
Car -1 -1 0.1963 380.5564 175.1282 506.7701 217.6512 1.4585 1.5634 4.1523 -5.8906 1.5424 25.6773 -0.0292 9.3091
Car -1 -1 0.3688 294.5940 173.4216 456.7537 228.4292 1.5197 1.6102 4.1620 -6.7488 1.5372 20.8708 0.0560 7.0951
Car -1 -1 -2.9569 455.7053 172.3065 535.3965 200.5815 1.4704 1.5883 3.9621 -6.0819 1.4423 38.3682 -3.1141 3.9708
Car -1 -1 -0.0695 662.2530 170.1509 714.4933 190.1502 1.4468 1.5638 3.7162 5.7039 1.2516 53.0459 0.0376 1.6821
Car -1 -1 -1.6107 630.0856 173.8658 648.8326 190.0714 1.4722 1.5966 4.0067 2.7237 1.5704 67.7981 -1.5705 1.4258
Car -1 -1 -1.6460 693.9665 165.5519 726.1562 191.6711 1.4577 1.5774 3.7693 5.7749 1.0506 42.1961 -1.5099 0.8380
Car -1 -1 -1.6659 677.3177 154.7689 702.0437 174.3831 1.4978 1.5642 4.0260 6.2486 0.1171 57.1203 -1.5569 0.2665
Car -1 -1 1.6107 517.1206 172.7378 546.3226 199.5749 1.5573 1.6136 3.8518 -4.7497 1.5509 43.8417 1.5028 0.2281
Car -1 -1 2.0740 226.8205 158.5004 276.9835 179.8107 1.4729 1.5929 3.7968 -25.6722 0.4812 51.7982 1.6139 0.0418
Car -1 -1 -1.9749 756.9349 85.3074 1220.8975 374.0000 2.2529 1.9113 5.1883 2.9710 1.6797 7.3366 -1.5902 -0.2855
Car -1 -1 0.2321 387.8948 144.7770 518.8532 204.5192 2.2692 1.8730 4.7315 -6.1242 1.2031 28.3863 0.0196 -0.6552
