Car -1 -1 1.8292 417.5529 187.0146 514.7033 248.8610 1.4050 1.5819 3.9725 -3.7777 1.8251 19.3536 1.6364 13.1668
Car -1 -1 -1.6203 608.4126 178.7270 650.1946 217.3695 1.4872 1.5597 3.3485 0.7126 1.7453 29.9748 -1.5966 9.8767
Car -1 -1 1.6605 479.3825 181.2218 534.9917 227.9438 1.5213 1.6461 4.0914 -3.7146 1.8512 26.3228 1.5203 8.2805
Car -1 -1 1.6614 522.0238 180.8760 558.9855 210.9878 1.4650 1.5958 3.9338 -3.6581 1.9111 38.1225 1.5657 4.6293
Car -1 -1 -2.9234 432.1083 168.2773 504.4089 194.0816 1.4567 1.5658 3.8395 -8.1621 1.1987 41.5590 -3.1173 3.6757
Car -1 -1 -1.6834 683.2979 175.3929 731.8295 215.6051 1.6168 1.6423 3.8556 4.1126 1.7338 31.1968 -1.5523 1.4991
Car -1 -1 1.6886 545.7226 174.7548 573.6745 196.4352 1.5347 1.6149 3.9392 -3.7150 1.6811 53.4321 1.6192 1.1502
Car -1 -1 0.2351 480.5739 156.5314 535.8678 177.1521 1.7046 1.7067 4.3284 -8.5605 0.3557 60.6980 0.0949 1.0718
Car -1 -1 1.8180 569.4737 176.4545 596.7629 193.0875 1.4771 1.5985 4.0431 -2.4863 1.8232 67.1451 1.7810 0.3463
Car -1 -1 -1.6375 673.1775 174.4513 707.2932 204.3949 1.6039 1.6522 3.9269 4.4614 1.6992 40.8561 -1.5287 -0.4436
