Car -1 -1 -1.7907 601.9890 164.6108 671.0803 214.2648 1.4815 1.5522 3.1777 0.7410 1.2359 23.2313 -1.7589 12.1792
Car -1 -1 2.5038 541.6120 160.7469 614.4625 190.7773 1.5324 1.5672 3.6842 -1.7177 0.9149 38.5854 2.4593 10.8030
Car -1 -1 -1.9962 736.3230 163.5765 1003.1556 332.0766 1.5833 1.5987 3.5055 2.7418 1.4965 8.6114 -1.6880 10.5156
Car -1 -1 -0.8077 661.1048 159.4005 740.1973 192.0682 1.4967 1.5984 3.8191 4.3760 0.8807 34.8794 -0.6829 8.3103
Car -1 -1 -0.9676 785.2092 160.2708 841.6628 185.9889 1.4029 1.4908 3.2779 11.5380 0.7169 40.9775 -0.6932 7.5117
Car -1 -1 -0.9496 723.9704 156.8128 795.5804 188.1654 1.5668 1.6534 4.0416 7.8963 0.7655 38.0317 -0.7449 5.8057
Car -1 -1 -1.1359 828.2659 158.5807 882.5094 185.2102 1.5362 1.6295 3.8567 14.8192 0.7131 43.5776 -0.8081 4.5491
Car -1 -1 3.9282 0.0000 188.3196 103.4014 345.0990 1.4475 1.5581 3.6073 -7.7536 1.6280 7.6092 3.1334 2.3825
Car -1 -1 -2.0581 145.9540 148.6540 216.6989 178.5992 1.4254 1.5562 3.5249 -21.3938 0.2738 35.9224 -2.5952 1.9246
Car -1 -1 -1.2369 910.0900 156.9917 953.2097 179.7630 1.5343 1.5911 3.8370 22.5353 0.4659 50.5570 -0.8176 0.6947
Car -1 -1 -0.3928 444.6087 154.3004 509.0842 181.6639 1.6274 1.6178 3.5686 -8.2429 0.5243 44.5584 -0.5757 -0.5026
