Car -1 -1 -1.9582 774.5706 180.2768 1032.2397 336.1836 1.5222 1.6175 3.7558 3.3300 1.6361 9.1305 -1.6085 14.1746
Car -1 -1 1.9492 254.8607 182.5845 401.5575 274.9375 1.5104 1.4989 3.2521 -5.2693 1.7187 13.7786 1.5840 12.0757
Car -1 -1 -1.8203 730.7734 179.2325 856.8275 264.4060 1.4814 1.5789 3.6877 3.5289 1.6279 14.6788 -1.5844 11.7134
Car -1 -1 -2.3868 962.9010 185.2345 1241.0000 374.0000 1.5285 1.5619 3.8018 3.4376 1.6224 3.5167 -1.6127 10.3338
Car -1 -1 1.8727 343.6406 181.2750 455.3397 247.6635 1.4589 1.6154 3.9336 -5.2500 1.6966 18.3420 1.5939 9.6784
Car -1 -1 -0.7720 715.3362 169.0993 787.9696 198.9752 1.7619 1.7312 4.4496 8.7268 1.5408 44.4893 -0.5783 2.3889
Car -1 -1 -1.7859 742.7945 158.2877 792.7559 196.1455 1.7932 1.6698 3.7283 7.7789 1.1036 36.0396 -1.5733 2.0735
Car -1 -1 -2.3627 476.5783 176.8470 531.5913 199.2847 1.4684 1.5917 3.6798 -7.3222 1.7526 49.5622 -2.5094 0.1856
Car -1 -1 2.2436 701.1522 171.9768 742.8991 188.8379 1.4772 1.6132 3.9538 10.1164 1.4007 65.1453 2.3976 -0.4808
Car -1 -1 -2.7221 314.6526 160.5371 406.6033 193.1145 1.5026 1.6076 3.8001 -11.8338 0.9348 34.2419 -3.0548 -0.5256
Car -1 -1 -1.7360 666.3449 171.1451 704.7759 199.2049 1.6169 1.6818 3.8932 4.4795 1.5188 43.5704 -1.6336 -0.5375
Car -1 -1 -0.2631 769.3805 155.8694 854.2188 186.3524 1.6330 1.6803 4.1784 10.9637 0.7235 39.5057 0.0076 -0.7842
