Car -1 -1 -1.3456 406.9977 182.0557 487.8903 235.9618 1.4548 1.5521 3.6415 -4.6753 1.3707 21.2241 -1.5624 13.8298
Car -1 -1 -1.1359 114.5521 184.8716 385.3513 344.3063 1.5808 1.5767 3.6021 -4.1582 1.5786 8.9258 -1.5718 12.9860
Car -1 -1 -1.2396 322.0992 180.8535 407.9810 227.2567 1.4813 1.6170 3.9584 -8.3410 1.3431 24.9292 -1.5625 12.4705
Car -1 -1 -1.6098 577.6553 175.1901 654.0481 250.0936 1.5805 1.6167 3.6163 0.0605 1.3701 17.0005 -1.6063 11.7082
Car -1 -1 -1.4439 471.3344 180.1325 524.6225 218.6508 1.4598 1.6304 4.2078 -4.4427 1.2682 29.3616 -1.5941 8.0474
Car -1 -1 -0.9128 0.0000 190.6160 180.6423 313.6801 1.5420 1.6120 3.6268 -8.4597 1.6392 10.9772 -1.5694 6.4776
Car -1 -1 -1.3009 386.3726 170.0685 436.1237 199.9079 1.7753 1.7808 4.8774 -12.2991 0.8752 45.2067 -1.5665 5.7762
Car -1 -1 -0.9551 33.8572 176.8703 197.9043 241.2627 1.4635 1.5537 3.7264 -12.3006 1.2750 18.2142 -1.5491 4.1167
Car -1 -1 1.7854 453.9554 172.6468 492.0878 197.2026 1.4827 1.5900 3.8082 -8.4709 0.7249 45.3272 1.6007 2.0294
Car -1 -1 -1.4565 648.0044 184.5655 676.1998 206.6659 1.5162 1.5845 3.8202 3.8958 1.4728 51.3398 -1.3808 0.6116
Car -1 -1 -1.3779 700.5059 163.9822 728.8886 182.9296 1.4644 1.5857 3.7173 8.6523 -0.1899 58.0565 -1.2300 0.4934
