Car -1 -1 -1.3651 397.6870 180.1317 497.0734 252.0813 1.5428 1.5965 3.7019 -3.7715 1.4349 17.2689 -1.5802 13.8944
Car -1 -1 -1.0214 33.6499 188.9817 245.5020 281.3313 1.4598 1.5464 3.7678 -8.5061 1.5411 13.4098 -1.5866 12.6124
Car -1 -1 -1.1830 248.1533 174.9972 371.9112 243.7949 1.6746 1.6637 4.1126 -7.9666 1.4270 19.5512 -1.5700 12.0284
Car -1 -1 -1.5721 576.6054 177.2594 616.7468 215.7068 1.5654 1.6350 3.6600 -0.5209 1.2426 31.1086 -1.5888 11.5488
Car -1 -1 -1.0621 125.4218 184.7992 257.2503 240.1356 1.4985 1.6007 4.1231 -12.3290 1.4883 21.5329 -1.5821 9.1861
Car -1 -1 -1.4289 493.3687 177.1808 547.5216 219.6741 1.6350 1.6633 4.0509 -3.5688 1.3270 29.6992 -1.5485 8.3658
Car -1 -1 -0.7995 0.0000 186.6226 322.7552 375.0000 1.5796 1.6583 4.2907 -3.1794 1.5918 3.4915 -1.5381 5.9692
Car -1 -1 -1.4235 356.8802 182.7491 414.5726 225.9651 1.4566 1.5250 3.2879 -7.9908 1.3746 25.9654 -1.7221 4.2558
Car -1 -1 -1.3901 459.5945 179.2017 496.5625 205.2352 1.5350 1.5913 3.7629 -7.9631 1.1816 44.2667 -1.5681 3.5279
Car -1 -1 -0.9068 0.0000 184.2245 120.1179 265.5762 1.4703 1.5786 3.5934 -12.0720 1.4536 14.8009 -1.5910 3.3588
Car -1 -1 1.9587 291.7893 158.0313 346.1728 185.1108 1.5544 1.6383 4.0263 -17.3438 -0.0055 43.2950 1.5777 0.7814
