Car -1 -1 1.9661 221.7165 185.1072 351.1074 253.3064 1.5865 1.6742 4.3325 -8.7102 1.9593 19.7491 1.5507 12.0044
Car -1 -1 -1.6400 585.2672 175.6435 613.2146 199.7588 1.5369 1.6137 3.6860 -0.7852 1.7314 48.3263 -1.6563 4.5739
Car -1 -1 1.7646 456.6527 176.0443 491.4477 199.3578 1.6006 1.6790 4.3170 -9.8291 1.8417 52.2913 1.5788 3.0737
Car -1 -1 1.7971 396.8688 180.8808 459.3978 223.3178 1.5286 1.5984 3.7607 -7.1698 1.8683 28.6005 1.5515 1.8655
Car -1 -1 1.7188 465.7228 180.4567 500.8157 206.1949 1.4523 1.5757 3.6096 -7.6497 1.9315 43.6139 1.5452 0.8136
Car -1 -1 1.7585 439.0908 179.6836 484.7284 211.3581 1.4657 1.5819 3.6278 -7.3688 1.8241 35.9970 1.5566 0.6742
Car -1 -1 1.7226 870.3167 169.0842 974.3880 242.6422 1.4825 1.6147 3.9815 7.2513 1.4069 16.6537 2.1333 0.5944
Car -1 -1 1.7352 492.8223 178.7054 519.7675 198.4228 1.4575 1.5374 3.4089 -8.0539 1.9266 56.0743 1.5926 0.1943
Car -1 -1 1.9316 290.4573 167.4643 365.4079 217.2523 2.0250 1.7459 3.9503 -12.1855 1.8061 31.3277 1.5607 0.0842
Car -1 -1 2.2403 0.0000 191.4520 187.1443 367.9303 1.4921 1.6238 4.0506 -7.0456 1.7659 8.5677 1.5521 -0.4518
