Car -1 -1 -1.3601 390.8143 188.1732 488.3984 249.7837 1.4035 1.6198 4.1493 -4.2689 1.4899 18.6576 -1.5850 13.2135
Car -1 -1 -1.4207 468.9198 183.3796 518.9654 220.5132 1.4476 1.5330 3.5738 -4.6947 1.3772 29.8114 -1.5769 10.3710
Car -1 -1 -1.2739 349.6352 188.1599 420.1049 227.0777 1.3871 1.5857 3.6897 -8.5507 1.5094 27.7429 -1.5729 9.0095
Car -1 -1 -1.1385 234.7354 183.3888 359.1294 246.9680 1.5995 1.6222 4.0923 -8.5835 1.5546 20.1499 -1.5412 5.0359
Car -1 -1 1.7049 493.6643 180.6683 532.7949 209.6569 1.5297 1.6334 4.0249 -5.2272 1.2909 39.9465 1.5748 4.9940
Car -1 -1 -1.5769 577.1647 178.7445 607.8146 206.5512 1.4882 1.6411 3.8753 -0.9018 1.1430 40.4292 -1.5992 4.8587
Car -1 -1 -1.3393 396.2071 180.6682 433.0389 203.1181 1.4398 1.5839 3.6250 -12.8547 1.1493 47.9342 -1.6013 3.4881
Car -1 -1 -1.3394 424.0790 169.0093 449.3516 184.1361 1.4704 1.5947 4.0002 -17.1380 -0.1102 72.1579 -1.5725 3.2601
Car -1 -1 -1.4918 494.2848 174.9481 514.1056 190.5203 1.4483 1.5886 3.7390 -9.8874 0.4945 68.7698 -1.6346 1.2995
Car -1 -1 -1.4807 515.4980 184.4005 543.6573 206.6749 1.4616 1.5803 3.7629 -5.3204 1.4092 49.0610 -1.5887 0.3709
Car -1 -1 -0.4240 286.9237 163.0690 365.8292 190.1129 1.4600 1.5944 3.8506 -15.9307 0.2655 40.7385 -0.7968 0.3461
Car -1 -1 -1.4201 446.6942 178.4004 480.2288 202.3247 1.4919 1.5902 3.7805 -9.3630 1.0680 46.7491 -1.6178 -0.6765
Car -1 -1 -1.3684 413.1281 174.9153 458.2914 205.3832 1.5525 1.6173 3.8455 -9.2012 1.0288 38.5730 -1.6025 -0.8195
