Car -1 -1 -1.2441 259.3513 179.4164 446.6067 305.1197 1.5451 1.5397 3.4059 -3.5651 1.4749 10.5352 -1.5704 13.9921
Car -1 -1 -1.7912 696.3770 182.6360 804.6400 256.6305 1.4208 1.5448 3.4537 2.9135 1.3724 15.5522 -1.6060 13.9263
Car -1 -1 -0.9994 0.0000 184.5518 220.3569 295.0871 1.4714 1.5140 3.5243 -7.8306 1.4637 11.3510 -1.6033 12.8015
Car -1 -1 -1.3754 407.6111 178.2011 501.2996 242.8257 1.4634 1.5948 3.8339 -3.8022 1.3057 18.1997 -1.5813 12.4357
Car -1 -1 -1.4348 475.2945 176.2513 524.4524 214.9625 1.5024 1.5468 3.4901 -4.4270 1.1556 29.6498 -1.5830 8.8861
Car -1 -1 -1.6809 639.5560 175.6302 679.9461 205.5903 1.4966 1.6651 4.2355 2.6642 1.0189 38.0547 -1.6110 8.3538
Car -1 -1 -1.5945 586.7745 175.2099 613.3810 199.5148 1.5433 1.6621 3.9924 -0.5681 0.9091 47.6649 -1.6064 6.8529
Car -1 -1 -1.4881 513.5018 177.4434 545.6874 202.9462 1.4259 1.5785 3.6207 -4.5550 0.9924 42.0173 -1.5961 4.9850
Car -1 -1 -1.3602 421.1860 166.9989 466.0149 196.2384 1.5106 1.6179 3.7886 -8.8855 0.5706 39.0384 -1.5840 2.3665
Car -1 -1 1.9406 260.7968 180.4524 365.5702 239.9750 1.5256 1.5472 3.5259 -8.1920 1.4046 20.1954 1.5553 2.3369
Car -1 -1 1.6679 536.4733 172.5341 562.6634 193.5496 1.4618 1.5180 3.8992 -4.1902 0.5808 51.9612 1.5874 1.3968
Car -1 -1 -1.4103 374.6984 177.3748 427.1710 214.4988 1.4398 1.5537 3.4287 -8.5085 1.1368 29.6697 -1.6896 0.7595
Car -1 -1 -1.2953 387.7362 159.1738 432.7491 184.7066 1.4742 1.6135 3.9657 -11.9365 -0.0311 43.5709 -1.5627 0.1856
Car -1 -1 -1.6875 684.2066 170.9999 721.2647 201.2654 1.7598 1.7410 4.3636 5.7303 0.9343 43.9867 -1.5580 -0.0148
Car -1 -1 -1.2448 569.1639 177.5425 605.3749 197.7938 1.4874 1.6054 3.8846 -1.5404 0.9249 54.8855 -1.2728 -0.6292
