Car -1 -1 -1.1973 132.9787 196.2865 442.4805 374.0000 1.4833 1.6267 3.9838 -3.1486 1.8046 7.8825 -1.5773 14.0863
Car -1 -1 -1.9114 751.6145 185.9004 1049.3157 374.0000 1.4863 1.6379 3.9541 2.7211 1.6655 7.9026 -1.5798 13.4051
Car -1 -1 -1.8132 702.3683 186.0476 845.4086 287.5842 1.5132 1.6115 3.8926 2.7658 1.7918 13.2380 -1.6073 12.5959
Car -1 -1 -1.7844 668.0710 182.9737 761.0152 251.2815 1.5163 1.5896 3.6218 2.5106 1.8015 18.4351 -1.6490 11.9625
Car -1 -1 -1.4595 471.6626 185.6815 542.1266 245.5630 1.4968 1.5949 3.7228 -2.9170 1.8992 20.7237 -1.5993 11.6530
Car -1 -1 -1.7390 658.8761 169.9185 733.2112 234.0319 1.8645 1.7019 3.8660 2.5952 1.7795 22.9576 -1.6264 9.0227
Car -1 -1 -1.6335 634.4718 177.3895 666.1767 205.0428 1.4918 1.5868 3.4683 2.2320 1.7623 41.2346 -1.5795 7.4363
Car -1 -1 1.6703 519.5064 181.0223 565.6412 219.6541 1.5398 1.6150 4.1398 -2.9380 1.9227 31.7098 1.5779 6.1925
Car -1 -1 2.4860 0.0000 185.4613 260.3217 374.0000 1.4685 1.5624 3.9739 -2.9818 1.5453 2.3763 1.5881 5.9445
Car -1 -1 1.7050 520.9371 163.5683 545.3838 181.6014 1.4604 1.5230 3.9481 -6.4250 0.7087 60.4245 1.5991 3.7856
Car -1 -1 1.5704 560.5203 179.0050 581.3813 198.3953 1.4839 1.6316 3.8701 -3.1896 1.9994 58.4455 1.5158 1.5840
