Car -1 -1 -0.9922 0.0000 190.0300 217.5636 308.7607 1.5492 1.5598 3.5954 -7.9219 1.6386 11.3448 -1.6018 12.9331
Car -1 -1 -1.1249 184.2114 185.9360 340.1267 258.7314 1.5378 1.6830 4.3035 -8.1717 1.5585 17.3819 -1.5644 10.5782
Car -1 -1 -1.4411 458.1739 186.3213 515.1737 228.1692 1.4591 1.6101 4.1147 -4.5473 1.5053 27.2546 -1.6065 9.8065
Car -1 -1 -1.5869 573.7385 182.1231 603.8876 210.0975 1.5301 1.6503 3.8298 -1.1496 1.3621 41.2652 -1.6148 6.5455
Car -1 -1 -1.4685 492.1825 182.8117 528.7633 213.2896 1.5451 1.5733 3.5775 -5.1610 1.4243 38.2518 -1.6026 5.7242
Car -1 -1 -1.2848 288.2914 126.1602 473.6412 277.7027 2.5623 2.0674 5.7431 -4.4185 1.5649 15.0222 -1.5709 4.5580
Car -1 -1 1.4958 621.1030 180.3419 647.9889 201.5550 1.4861 1.6424 4.2302 1.8990 1.1458 52.5012 1.5320 1.0926
Car -1 -1 -1.4130 654.7891 177.2575 687.2809 200.9429 1.5626 1.6268 3.9836 4.3802 1.0387 49.5500 -1.3249 0.8746
Car -1 -1 2.1968 0.0000 182.9616 82.3255 278.6519 1.4642 1.5533 3.6026 -11.4151 1.4309 12.8657 1.4710 0.8004
Car -1 -1 -1.6040 528.8449 182.3630 550.6040 201.7050 1.5029 1.6082 3.9935 -5.5262 1.2823 57.9346 -1.6991 -0.5192
