Car -1 -1 -1.1835 172.1325 190.1213 396.3114 303.2286 1.4404 1.6688 4.4408 -4.9146 1.5358 11.5762 -1.5850 13.3654
Car -1 -1 -0.9807 0.0000 194.3250 203.0846 295.0833 1.4400 1.4922 3.3862 -8.6389 1.6186 12.2888 -1.5934 12.3819
Car -1 -1 -1.3001 352.1487 181.3878 425.8441 225.7045 1.6013 1.6776 4.2479 -8.4845 1.4641 28.1132 -1.5932 11.3956
Car -1 -1 -1.1175 168.2529 183.6794 291.1200 239.1016 1.5471 1.6832 4.1790 -11.5260 1.5053 22.1736 -1.5969 9.5460
Car -1 -1 -1.2437 289.6455 182.3007 383.2856 235.7652 1.4943 1.5518 3.7449 -8.2172 1.4140 21.9837 -1.6014 9.3202
Car -1 -1 -1.5696 572.2856 180.9029 602.7036 208.3754 1.4952 1.6558 4.0559 -1.1882 1.2616 41.1697 -1.5984 6.3097
Car -1 -1 -1.4815 492.0297 183.7622 529.0884 214.3237 1.4589 1.5350 3.5705 -4.8703 1.3906 36.1289 -1.6155 5.9892
Car -1 -1 -1.3867 422.4212 149.3363 513.6495 228.6168 2.4096 2.0392 5.7365 -4.6630 1.3203 24.7156 -1.5732 5.3587
Car -1 -1 -0.0460 610.2910 180.2773 659.5593 197.6626 1.4825 1.6384 4.1825 2.3097 1.0625 62.1323 -0.0089 1.3277
Car -1 -1 -1.4856 379.8957 170.8553 402.7404 188.4843 1.4600 1.5715 3.6009 -18.4849 0.2718 61.4525 -1.7778 -0.5099
