Car -1 -1 -1.1084 0.0000 190.7941 232.2303 294.8655 1.4318 1.6017 4.3341 -8.2184 1.5465 12.3769 -1.6945 13.8730
Car -1 -1 -1.4356 397.1102 178.1378 480.7280 246.1164 1.5622 1.5946 3.7025 -4.2641 1.4007 18.4326 -1.6629 12.1895
Car -1 -1 -1.6162 525.1328 176.2127 581.1904 229.2931 1.6026 1.6521 3.7462 -1.9072 1.3319 23.6623 -1.6967 10.6880
Car -1 -1 -1.3008 270.6542 183.6886 360.3102 231.8619 1.4382 1.6549 4.2338 -9.5233 1.3938 23.6543 -1.6836 10.2231
Car -1 -1 1.7803 340.5810 178.9627 398.9801 215.8223 1.5691 1.6675 4.3245 -10.8155 1.3041 32.8383 1.4621 8.5347
Car -1 -1 -1.1371 119.7171 162.2837 246.4368 229.9190 2.0346 1.8333 4.6900 -14.0332 1.3459 24.0420 -1.6654 6.8513
Car -1 -1 -1.2108 254.2457 184.5459 318.0008 215.7828 1.4422 1.5965 3.8336 -15.6724 1.4124 35.1463 -1.6303 4.9053
Car -1 -1 -1.3286 319.5157 179.3075 360.7125 202.8558 1.4422 1.6066 3.8031 -17.0961 1.0815 46.0026 -1.6844 4.3391
Car -1 -1 -0.9967 0.0000 187.4889 124.2681 276.4728 1.5538 1.6356 3.8865 -11.8810 1.6077 14.6706 -1.6774 3.9848
Car -1 -1 1.8241 360.9638 175.4128 410.6132 208.4939 1.7596 1.6863 4.1041 -12.4076 1.2393 40.3207 1.5255 1.4834
Car -1 -1 -1.5085 512.0098 178.6414 534.0614 196.9739 1.4557 1.5758 3.6043 -6.9300 0.9348 58.9201 -1.6256 1.1197
Car -1 -1 -1.1329 559.9237 167.8313 591.4079 183.6961 1.4614 1.5723 3.7261 -3.0386 -0.1482 68.6225 -1.1772 0.9097
Car -1 -1 2.1614 329.9813 166.9698 374.1742 184.7003 1.4911 1.6647 4.0454 -22.2737 -0.0454 62.7415 1.8203 -0.2176
