Car -1 -1 -1.2945 208.3320 188.6852 330.9900 252.0160 1.4250 1.6579 4.7735 -8.7380 1.5295 18.9302 -1.7269 15.3140
Car -1 -1 -1.1045 0.0000 198.7559 225.2468 325.2890 1.3537 1.5160 3.6350 -6.8888 1.5791 9.9985 -1.7078 13.2770
Car -1 -1 -1.6787 528.2842 180.3269 599.2338 240.8015 1.5987 1.6461 3.8022 -1.4152 1.4706 21.0152 -1.7459 12.2865
Car -1 -1 -1.5113 430.2798 180.9980 489.1362 234.4488 1.5504 1.6126 3.5174 -4.6426 1.4292 22.7029 -1.7130 12.0117
Car -1 -1 -1.3628 328.1981 184.9972 390.9312 221.9882 1.4513 1.6558 4.2956 -10.4471 1.4439 30.4328 -1.6935 9.7715
Car -1 -1 -1.2443 202.8463 167.1869 282.1219 208.5847 1.5585 1.6454 4.0781 -14.7554 0.8809 29.1935 -1.7123 7.6303
Car -1 -1 -1.1555 97.5548 183.8247 233.8618 247.1959 1.5986 1.6632 4.3533 -12.3734 1.5646 20.3956 -1.7009 6.5301
Car -1 -1 -1.3846 367.3077 182.4483 410.6784 210.5940 1.4575 1.5887 3.7904 -11.8979 1.3153 39.1919 -1.6793 3.3032
Car -1 -1 1.5784 503.3428 181.6788 524.0846 200.6795 1.5024 1.6292 3.8702 -7.6992 1.2238 58.8552 1.4483 2.0786
Car -1 -1 -1.4694 408.0125 177.8293 436.5338 200.4910 1.6432 1.6683 4.2465 -13.9969 1.1088 54.3464 -1.7215 1.4994
Car -1 -1 -1.2240 333.0807 183.2591 374.3444 204.5435 1.4979 1.5871 3.9845 -18.5461 1.3613 52.5836 -1.5630 0.9454
