Car -1 -1 1.7482 402.9718 157.7553 485.3255 223.7585 1.9398 1.8104 4.7523 -5.0368 1.2431 23.5137 1.5372 8.7641
Car -1 -1 1.6623 447.5577 160.0001 501.9955 211.8452 2.0064 1.8270 4.7421 -5.2548 1.1754 30.2342 1.4902 5.3072
Car -1 -1 1.5531 523.8565 169.8151 556.5163 201.0126 1.5616 1.6332 3.9618 -3.2837 0.9776 38.0081 1.4670 4.7573
Car -1 -1 -2.2918 1154.3588 93.3809 1237.0000 175.7305 1.5070 1.6062 4.0076 14.1728 -0.1391 15.4467 -1.5494 0.9390
Car -1 -1 1.7808 504.5943 179.3511 541.2790 203.0269 1.4831 1.5764 4.0826 -5.0895 1.3492 47.1075 1.6732 0.3548
Car -1 -1 -1.5527 566.2810 167.5798 586.7054 186.6463 1.5250 1.6201 3.8999 -2.0084 0.4121 59.4140 -1.5865 -0.0030
Car -1 -1 2.0560 210.5494 141.0872 284.5839 175.8708 1.4720 1.5187 3.6266 -16.0917 -0.2707 32.8258 1.6002 -0.1903
Car -1 -1 -1.6711 575.7052 166.9522 609.5657 195.3239 1.6230 1.6401 3.9173 -0.5690 0.7916 43.1282 -1.6843 -0.4179
Car -1 -1 -1.7140 895.1557 151.2501 986.0152 216.1300 1.5660 1.6412 4.0240 9.0388 0.8370 19.4982 -1.2799 -0.4749
Car -1 -1 -1.6739 626.2910 160.8064 660.2694 188.1197 1.5420 1.6048 3.9199 2.4354 0.3745 42.5466 -1.6168 -0.8077
