Car -1 -1 -1.2401 156.0611 187.8298 303.5530 262.1604 1.4752 1.6559 4.4567 -8.6171 1.5457 16.7504 -1.7153 13.2059
Car -1 -1 -1.6643 521.8730 177.5412 587.7364 238.5405 1.6871 1.6407 3.6172 -1.7242 1.4760 21.8009 -1.7432 12.1413
Car -1 -1 -1.4778 417.4571 180.0158 484.0127 238.5266 1.5830 1.6042 3.4878 -4.6061 1.4435 21.2724 -1.6910 11.3670
Car -1 -1 -0.9676 0.0000 202.8469 143.2778 375.0000 1.4246 1.5792 4.0212 -6.8292 1.6632 7.5805 -1.7009 10.8012
Car -1 -1 -1.3483 309.3918 184.8436 379.5387 224.8656 1.4473 1.6524 4.4192 -10.2882 1.4350 28.2887 -1.6971 10.3341
Car -1 -1 -1.1043 48.9868 182.4668 207.9589 252.6419 1.6049 1.6753 4.2601 -12.2363 1.5431 18.6477 -1.6850 8.2063
Car -1 -1 -1.4288 355.8720 182.7260 399.8086 213.7815 1.5143 1.6207 3.9376 -11.8420 1.3940 37.1235 -1.7376 5.1903
Car -1 -1 -1.1753 171.8913 164.0267 266.6179 208.2448 1.5455 1.6621 4.2178 -14.6520 0.8061 27.3016 -1.6678 4.0718
Car -1 -1 -1.4931 402.8472 178.0088 430.7288 200.5845 1.5630 1.6399 4.0207 -13.7640 1.0652 51.8902 -1.7524 3.5787
Car -1 -1 1.6448 502.2096 180.7993 526.4118 201.2135 1.6281 1.6791 4.2463 -7.7110 1.2770 59.4934 1.5159 2.6922
Car -1 -1 -1.4027 552.0874 166.0763 580.0930 184.9749 1.4742 1.6140 4.0323 -3.3516 -0.0191 58.2174 -1.4602 1.9038
Car -1 -1 1.8621 273.3351 182.8605 328.2545 213.9647 1.6096 1.6574 4.0905 -16.7404 1.4889 39.3214 1.4596 1.4066
Car -1 -1 -1.3279 565.6716 169.4918 594.4924 187.1071 1.4819 1.5967 3.9873 -2.3845 0.1602 62.5852 -1.3660 -0.3533
