Car -1 -1 -1.1329 42.3182 192.3257 337.1598 356.7528 1.4855 1.5699 3.5766 -4.6117 1.5887 8.4813 -1.6309 15.1287
Car -1 -1 -1.3378 357.9010 190.3619 450.6896 251.7418 1.3677 1.4902 3.3875 -5.0373 1.5102 18.0245 -1.6104 13.6585
Car -1 -1 -1.8536 712.1072 184.2323 900.3254 316.4433 1.6345 1.6482 3.8201 2.6922 1.6235 10.8242 -1.6098 12.9994
Car -1 -1 -1.5643 559.8410 181.6386 600.4410 221.6381 1.5992 1.6236 3.5157 -1.1994 1.4573 30.5201 -1.6036 10.6257
Car -1 -1 -1.0090 0.0000 171.9093 206.5567 287.0216 1.7343 1.6442 3.7646 -8.9631 1.5349 12.7482 -1.6218 9.8560
Car -1 -1 -1.4195 425.4898 186.9584 490.5320 234.6644 1.4944 1.5962 4.0306 -5.0977 1.5605 24.7192 -1.6228 9.7464
Car -1 -1 -1.1952 221.3084 164.6755 351.1944 241.7913 2.0440 1.8584 4.9089 -9.4529 1.5007 21.5383 -1.6088 8.5230
Car -1 -1 -1.3550 391.8146 170.6174 437.1466 199.5111 1.5663 1.6624 4.0915 -10.9995 0.7761 41.0478 -1.6168 6.0619
Car -1 -1 -1.5677 600.5219 184.5081 622.0319 204.0585 1.4245 1.5675 3.4966 0.2511 1.3741 54.1289 -1.5631 4.9537
Car -1 -1 1.6565 485.6706 180.8796 517.0516 207.4652 1.5861 1.6202 3.7703 -6.6161 1.3286 44.8148 1.5099 4.3799
Car -1 -1 -1.5646 548.8865 186.7689 577.8053 214.4619 1.4542 1.5254 3.4476 -2.4728 1.5449 39.7061 -1.6268 1.0162
Car -1 -1 0.0508 358.8355 180.8608 460.7541 218.9707 1.5221 1.6361 3.9891 -8.2071 1.3493 29.9342 -0.2168 0.1087
