Car -1 -1 -1.3062 355.2205 181.7854 471.7716 259.3223 1.5513 1.6145 3.7010 -4.2858 1.4838 16.2346 -1.5643 13.9498
Car -1 -1 -1.3986 455.8961 181.8145 511.4445 222.0211 1.4680 1.5628 3.4416 -4.7996 1.3450 27.9657 -1.5686 11.6358
Car -1 -1 -1.5974 580.9325 175.4685 652.1025 243.8131 1.5668 1.6340 3.6558 0.1179 1.3445 18.3200 -1.5910 11.3277
Car -1 -1 -0.9463 0.0000 191.5638 315.7165 375.0000 1.5773 1.6391 4.1553 -3.7166 1.6410 4.9854 -1.5869 11.0004
Car -1 -1 -1.1310 180.7133 186.2591 329.2345 256.4601 1.5181 1.6499 4.1520 -8.5125 1.5479 17.6865 -1.5795 10.2450
Car -1 -1 2.1284 100.4062 183.6052 168.7064 208.7545 1.4582 1.6082 3.9729 -28.6878 1.3660 43.6826 1.5473 6.0261
Car -1 -1 -1.5017 497.7848 179.2687 534.5606 210.0128 1.4605 1.5780 3.7187 -4.5761 1.1792 36.0480 -1.6280 5.7788
Car -1 -1 -1.1579 277.2189 183.5490 349.5386 220.5353 1.5353 1.5852 3.7392 -12.9356 1.4673 31.7258 -1.5450 5.0774
Car -1 -1 -1.3444 415.9356 169.9949 452.1273 193.4801 1.6129 1.6561 4.0191 -12.3878 0.5687 51.3844 -1.5810 0.0368
Car -1 -1 0.3531 177.8049 180.4867 323.1270 227.9249 1.4631 1.6092 3.8795 -11.4593 1.3183 23.1724 -0.1062 -0.7334
