Car -1 -1 -1.1502 191.6661 192.6694 337.8526 263.4169 1.3707 1.5673 3.7396 -7.5890 1.5594 16.2036 -1.5883 13.2796
Car -1 -1 -1.4186 452.5772 184.3463 513.1561 224.4062 1.4826 1.7055 4.7154 -4.9717 1.4516 28.9741 -1.5886 9.9164
Car -1 -1 -1.3229 341.7995 185.9509 420.8378 233.6000 1.5493 1.6835 4.2683 -7.9896 1.5788 25.6135 -1.6253 8.1549
Car -1 -1 -1.5666 577.5504 181.4481 611.2511 213.0103 1.5606 1.6667 3.8558 -0.7214 1.3755 37.4812 -1.5858 8.0890
Car -1 -1 -0.8439 0.0000 194.7354 49.8447 300.9271 1.4935 1.5983 4.2469 -12.2488 1.6907 12.6483 -1.6133 6.9914
Car -1 -1 -1.3311 338.7009 172.5226 485.4934 286.8732 1.7878 1.6764 3.9879 -3.4498 1.5905 13.2414 -1.5860 5.0150
Car -1 -1 -1.1022 164.9337 190.2165 270.9545 239.0686 1.4362 1.5822 3.5518 -12.5421 1.6119 23.2926 -1.5962 4.7215
Car -1 -1 1.9733 269.0202 185.6054 343.9195 223.1664 1.5088 1.6107 3.7679 -12.8487 1.5276 30.8007 1.5781 3.2212
Car -1 -1 -1.5101 530.4105 183.3208 554.1468 203.1709 1.4560 1.5751 3.7246 -4.9605 1.3182 54.6099 -1.6007 1.2164
Car -1 -1 0.8986 343.0065 165.8812 390.0244 185.1865 1.4631 1.5391 3.6527 -18.8617 -0.0012 56.1196 0.5744 -0.1536
