Car -1 -1 -1.0583 30.7959 179.8669 250.0434 282.2414 1.5674 1.6071 3.8392 -8.1789 1.4866 12.9597 -1.6213 13.9021
Car -1 -1 -1.2829 269.5430 185.6297 444.6993 300.9555 1.5084 1.5777 3.6701 -3.7559 1.5171 11.2724 -1.6045 13.8057
Car -1 -1 -1.7807 705.2631 186.6131 829.4956 272.1552 1.4298 1.5800 3.5921 2.8770 1.4614 13.8707 -1.5762 13.1917
Car -1 -1 -1.7086 653.7216 177.6861 712.0969 221.9757 1.5233 1.6260 3.8200 2.6722 1.2654 26.6595 -1.6087 13.1725
Car -1 -1 -1.4058 443.0394 178.8026 513.5622 233.6330 1.5399 1.5546 3.5618 -3.9130 1.3610 21.9752 -1.5820 12.5584
Car -1 -1 -1.2835 381.5606 179.2216 443.7284 215.5302 1.4824 1.5737 3.8911 -8.4511 1.2388 31.3092 -1.5471 8.7155
Car -1 -1 -1.4158 480.0469 176.4904 534.7548 217.4670 1.5952 1.6591 4.0237 -4.1501 1.2567 30.0069 -1.5532 7.8382
Car -1 -1 -1.5689 584.0587 176.7956 608.4439 199.2464 1.5295 1.6615 4.0892 -0.8348 0.9570 51.0261 -1.5852 7.5576
Car -1 -1 -1.3807 458.4238 165.7155 491.3942 187.6210 1.4579 1.5575 3.7860 -9.1701 0.1612 49.7376 -1.5630 3.4246
Car -1 -1 -1.3796 432.9150 177.8512 473.3989 204.5079 1.4661 1.5864 3.8222 -8.8901 1.0622 41.4583 -1.5909 3.0942
Car -1 -1 1.8285 444.5369 163.7308 474.2606 181.4535 1.4886 1.6180 3.9128 -13.0194 -0.3402 63.2220 1.6254 1.9653
Car -1 -1 -1.5703 526.9617 179.0042 549.4004 199.7238 1.4563 1.5723 3.7200 -5.0956 1.0209 52.4504 -1.6671 1.8964
Car -1 -1 1.8977 272.8601 178.2687 371.3435 235.8267 1.5084 1.5645 3.5529 -8.1259 1.3275 20.6475 1.5227 0.3288
Car -1 -1 -1.6902 623.3973 177.4753 651.1154 198.2002 1.4896 1.6116 3.8678 2.1482 0.9344 53.6539 -1.6501 -0.0207
