Car -1 -1 1.3439 683.3150 178.7062 801.2591 267.2929 1.5953 1.6104 3.6310 2.5732 1.7332 15.0955 1.5127 14.4286
Car -1 -1 1.8133 366.0647 177.5693 490.6955 267.6263 1.5547 1.5786 3.6272 -3.5350 1.6615 14.4597 1.5735 13.6148
Car -1 -1 2.0608 0.0000 196.9333 376.4377 374.0000 1.4123 1.6199 4.3790 -3.5919 1.6991 6.3728 1.5476 11.8503
Car -1 -1 1.7204 470.0730 176.1711 535.5034 227.2844 1.5282 1.5962 3.6016 -3.4722 1.6454 23.6079 1.5744 10.0926
Car -1 -1 -1.6931 659.2192 183.1333 719.6637 231.6001 1.4297 1.5330 3.7087 2.5139 1.7977 23.9408 -1.5884 8.4887
Car -1 -1 1.5669 519.2465 175.8876 553.1791 209.4989 1.5245 1.5513 3.7053 -3.6264 1.6801 34.9959 1.4637 5.6354
Car -1 -1 1.4837 642.9440 179.9955 683.6158 213.2098 1.4550 1.5894 3.8935 2.4476 1.8153 34.4070 1.5547 4.0198
Car -1 -1 -1.6732 634.6248 178.6095 669.6406 207.3935 1.5044 1.5804 3.6342 2.2751 1.8410 40.3012 -1.6168 3.4836
Car -1 -1 -1.5450 648.0500 157.6012 665.2925 172.7596 1.4679 1.6152 4.0236 4.6627 -0.0093 71.9716 -1.4803 -0.0007
Car -1 -1 1.8392 442.2779 153.6340 492.0685 184.9342 1.6076 1.6546 3.9631 -7.7089 0.6208 39.0937 1.6445 -0.5038
