Car -1 -1 0.4347 226.7851 185.7681 444.6284 258.3106 1.4146 1.6056 4.0349 -5.7907 1.7069 15.3559 0.0741 15.6242
Car -1 -1 -1.8384 713.2536 180.3826 894.2385 297.5264 1.4748 1.6489 4.1188 2.7626 1.6162 11.4323 -1.6013 13.2933
Car -1 -1 -1.7224 680.5170 178.5379 752.9355 229.6779 1.4079 1.5991 4.0491 3.1585 1.6004 22.3471 -1.5820 12.1662
Car -1 -1 0.6926 0.0000 183.1954 293.7209 315.2544 1.5686 1.5959 3.8028 -6.5449 1.7221 9.7037 0.0992 12.1047
Car -1 -1 3.8453 0.0000 192.9543 197.1879 370.5451 1.5196 1.5913 3.7236 -6.5088 1.7447 7.2155 3.1113 9.0611
Car -1 -1 3.4316 270.0773 181.2086 444.0276 242.4319 1.4284 1.5845 3.7882 -6.2354 1.6467 17.9454 3.0972 8.1158
Car -1 -1 -1.6344 653.3620 170.4569 687.5543 201.1454 1.6828 1.6953 4.1727 3.4071 1.5517 41.6643 -1.5528 7.6349
Car -1 -1 3.3846 289.6141 165.8117 451.7200 231.9062 1.7718 1.6810 4.0493 -6.6803 1.5834 20.3287 3.0671 7.0771
Car -1 -1 1.6903 513.5330 176.0776 551.2335 205.1157 1.5144 1.6137 4.0483 -4.2980 1.7030 40.1124 1.5836 2.7116
Car -1 -1 -2.8025 377.6455 176.8721 499.2119 222.0465 1.5313 1.6243 3.8862 -6.0929 1.6801 25.6483 -3.0358 1.7061
Car -1 -1 -2.9462 453.6018 176.3412 532.2626 207.8793 1.5508 1.5865 3.6938 -5.9242 1.7319 36.5240 -3.1070 1.3450
Car -1 -1 3.2106 484.0309 172.5263 547.6609 196.9358 1.5296 1.5937 3.9340 -6.0107 1.5094 46.1255 3.0811 0.8359
Car -1 -1 3.2293 513.6938 171.2020 563.9328 190.7017 1.4759 1.5789 3.7171 -5.4657 1.3512 55.4185 3.1310 0.4366
Car -1 -1 -1.6832 673.6347 176.2172 726.3954 216.6986 1.4790 1.6259 4.0081 3.4653 1.6225 28.7027 -1.5631 0.3322
Car -1 -1 -1.6857 542.5159 173.7518 572.2481 198.6517 1.6334 1.6016 3.8046 -3.6745 1.6978 49.4935 -1.7598 -0.7353
