Car -1 -1 -1.0675 0.0000 197.9827 335.3160 375.0000 1.4672 1.6722 4.5948 -4.8004 1.6547 8.1699 -1.5987 14.0661
Car -1 -1 -1.1811 217.6474 186.9988 343.8365 255.3491 1.5323 1.5878 3.7110 -8.1119 1.5830 18.0902 -1.6026 13.2977
Car -1 -1 -1.2686 309.7658 183.3675 401.9937 235.6149 1.5990 1.6913 4.3950 -8.3857 1.5436 24.2190 -1.6020 9.4012
Car -1 -1 -1.4477 481.6111 186.1252 525.6589 219.2594 1.4175 1.5416 3.7089 -4.7171 1.4624 32.7222 -1.5909 8.4151
Car -1 -1 -1.5826 572.5111 183.1782 602.4780 210.5037 1.4988 1.6446 3.9220 -1.2216 1.3882 41.4188 -1.6121 7.9289
Car -1 -1 -1.0450 102.7215 183.6096 254.7349 246.8284 1.5331 1.6446 4.2038 -11.4835 1.4953 19.5358 -1.5764 5.6643
Car -1 -1 -1.3848 395.1822 149.7186 500.8898 243.7311 2.3868 1.9896 5.6043 -4.5186 1.4867 21.0731 -1.5960 2.3509
Car -1 -1 -1.4519 500.1736 183.6907 533.3645 208.6152 1.4623 1.5855 3.7561 -5.5584 1.3739 44.0538 -1.5775 1.4793
Car -1 -1 1.6037 526.7125 183.0684 546.1522 200.3150 1.4682 1.5771 3.8119 -6.2497 1.2865 63.1467 1.5050 0.9142
Car -1 -1 2.2728 0.0000 165.1417 65.8694 188.1368 1.4926 1.6067 3.8694 -38.9627 0.1907 48.6106 1.5971 -0.3612
Car -1 -1 2.3903 0.0000 201.4909 57.3672 375.0000 1.4965 1.6099 4.2733 -8.5828 1.7263 7.9576 1.5671 -0.4748
Car -1 -1 -1.2320 366.6104 172.9312 401.7922 191.8143 1.4669 1.5778 3.6388 -17.9119 0.5137 57.6865 -1.5331 -0.7783
