Car -1 -1 -1.2687 314.5504 187.5404 444.0960 266.9974 1.4456 1.5639 3.5636 -4.6435 1.5009 14.9621 -1.5697 13.6414
Car -1 -1 -0.9815 47.9216 184.8009 205.4369 248.0010 1.5448 1.6271 3.9512 -12.9125 1.5358 19.5470 -1.5653 11.7143
Car -1 -1 -1.3729 427.4660 180.6023 505.9894 231.4663 1.4905 1.6521 4.4019 -4.4875 1.3564 23.2684 -1.5635 11.4583
Car -1 -1 -1.1215 226.1684 184.6785 357.4274 246.4346 1.4774 1.6246 3.9986 -8.3168 1.4656 19.2241 -1.5298 10.8321
Car -1 -1 -1.5830 574.4015 174.9748 659.3057 257.1955 1.6415 1.6957 4.1357 0.1235 1.4382 16.4199 -1.5755 9.1439
Car -1 -1 -0.7878 0.0000 188.4556 52.2280 297.8930 1.5312 1.6873 4.5624 -12.3050 1.5988 12.4741 -1.5663 8.3940
Car -1 -1 1.6014 637.2071 179.0554 659.1226 198.5481 1.4823 1.6078 3.9425 3.2006 1.0150 56.6961 1.6578 6.0872
Car -1 -1 -1.5890 546.3930 169.8867 566.1504 190.5027 1.8735 1.7656 4.7361 -4.8914 0.4816 67.7597 -1.6611 1.3735
Car -1 -1 -0.8924 0.0000 191.1414 66.9998 258.1837 1.4750 1.5904 3.9570 -15.9448 1.6426 18.1773 -1.6124 1.0001
Car -1 -1 0.2599 348.8120 168.6030 431.5960 199.4253 1.5682 1.6344 3.8384 -11.3153 0.7241 37.4519 -0.0335 0.0016
