Car -1 -1 3.4815 179.9466 178.9754 381.2397 244.6164 1.5035 1.6552 4.1834 -7.9964 1.6626 17.7110 3.0575 12.0432
Car -1 -1 0.5537 0.0000 178.0576 294.8787 273.1183 1.5191 1.5958 4.1827 -7.9290 1.6151 12.4442 -0.0136 11.6536
Car -1 -1 -0.3070 704.7314 180.3423 883.0827 249.2210 1.5010 1.5549 3.7288 4.1553 1.6852 16.8124 -0.0647 11.6398
Car -1 -1 -0.7172 893.4595 181.7492 1241.0000 374.0000 1.5539 1.5884 3.7006 4.4703 1.6400 6.0176 -0.0783 11.3634
Car -1 -1 3.7057 0.0000 187.3174 221.6518 311.4293 1.4537 1.6198 4.0115 -7.7372 1.6693 9.7096 3.0329 10.3722
Car -1 -1 3.8754 0.0000 192.6294 96.1060 364.4160 1.4355 1.6287 4.0315 -7.8638 1.6620 7.2523 3.0496 5.4431
Car -1 -1 3.3808 263.2541 171.7474 394.2164 227.6853 1.6807 1.6091 3.5602 -8.8045 1.6478 22.7056 3.0109 4.6604
Car -1 -1 -1.7824 459.5043 177.2498 491.7608 198.3433 1.5369 1.6460 3.9459 -10.4136 1.8890 55.5978 -1.9676 3.8454
Car -1 -1 1.0325 947.2916 183.2003 1001.1613 206.0816 1.5388 1.6400 4.0662 26.3990 2.3218 52.4947 1.4984 0.9850
Car -1 -1 1.2072 857.6926 183.2201 940.2848 225.1629 1.4985 1.6362 4.3156 11.4562 1.9469 29.0157 1.5832 0.5480
Car -1 -1 1.0553 965.1491 186.1894 1056.9184 225.9356 1.5074 1.6108 4.0715 16.9393 2.1145 30.7800 1.5585 -0.3741
Car -1 -1 1.7833 367.2562 150.2620 400.6303 170.7267 1.4804 1.6189 3.9410 -17.1021 -0.1668 54.6502 1.4800 -0.5022
