Car -1 -1 -1.2655 324.2938 181.4756 441.0779 252.6845 1.4914 1.5758 3.6697 -5.1883 1.4142 16.8927 -1.5635 13.9036
Car -1 -1 -1.1224 103.3919 195.0567 371.6154 340.1243 1.4101 1.5297 3.5883 -4.3673 1.5594 9.0234 -1.5732 13.6414
Car -1 -1 -1.5787 575.9689 174.8720 614.5851 211.6820 1.5888 1.6678 3.7800 -0.6248 1.1435 32.9349 -1.5976 9.4938
Car -1 -1 -1.4566 438.2335 157.5374 509.2041 228.1436 2.2177 1.8776 4.9028 -4.5943 1.3495 25.0843 -1.6378 9.0007
Car -1 -1 -1.0714 150.7655 184.0833 292.5630 252.3795 1.4395 1.5184 3.2969 -8.9127 1.4167 16.8045 -1.5590 6.4282
Car -1 -1 -1.2360 332.5763 171.2010 414.1901 221.9218 1.7219 1.6532 3.8969 -8.5276 1.2473 26.3671 -1.5488 5.3130
Car -1 -1 -1.1555 236.2504 178.8639 327.7689 224.0563 1.5465 1.6285 3.9312 -11.9539 1.3302 26.5667 -1.5783 5.2515
Car -1 -1 -0.7097 0.0000 196.0150 60.8280 375.0000 1.4837 1.6304 4.1910 -8.2811 1.6307 7.5846 -1.5389 4.2696
Car -1 -1 -1.4199 471.5875 181.3351 527.4295 220.1124 1.4658 1.6397 4.1491 -4.3612 1.3203 29.2471 -1.5680 2.8409
Car -1 -1 -1.4434 506.5972 173.0988 540.2259 201.0637 1.6481 1.5928 3.7598 -5.1739 0.9351 44.2505 -1.5598 2.0516
Car -1 -1 1.8250 393.9213 166.2213 422.6448 182.8440 1.4610 1.5968 3.9232 -18.2053 -0.2222 65.7156 1.5547 -0.7420
