Car -1 -1 -1.3920 366.0349 179.5096 479.1765 266.6578 1.5856 1.6187 3.8211 -3.7675 1.4829 15.0358 -1.6375 14.6907
Car -1 -1 -1.2097 202.2370 188.2518 329.2057 251.1609 1.4164 1.5963 4.0665 -8.6517 1.5044 18.4716 -1.6477 13.5386
Car -1 -1 -1.0429 35.2930 159.8092 207.8079 248.9461 2.1670 1.8514 4.6071 -13.1738 1.5504 19.8257 -1.6294 11.1267
Car -1 -1 -1.5676 537.5032 176.4808 586.7928 223.6115 1.5661 1.6380 3.6602 -1.6707 1.2769 25.7594 -1.6324 10.3555
Car -1 -1 -1.3068 324.6074 180.9789 398.3237 224.1216 1.5515 1.6712 4.2087 -9.5224 1.4003 28.0008 -1.6346 8.1266
Car -1 -1 -0.8591 0.0000 198.9398 80.9994 375.0000 1.4901 1.6826 4.4942 -7.7716 1.6764 7.3742 -1.6707 8.0218
Car -1 -1 -1.4077 408.3305 183.6441 480.2062 236.8756 1.5518 1.6236 3.8740 -5.1595 1.5071 22.9336 -1.6290 4.5437
Car -1 -1 -1.2922 311.2930 180.8949 359.8375 210.3495 1.5971 1.6315 3.6870 -15.4438 1.3640 40.8796 -1.6535 4.0639
Car -1 -1 -1.5439 589.1198 175.1456 611.6875 196.2217 1.5438 1.6111 4.0258 -0.5450 0.8073 54.6789 -1.5539 0.9597
Car -1 -1 3.3901 366.9107 162.3254 443.3725 190.8514 1.6013 1.6432 3.9385 -11.6011 0.3175 41.2222 3.1157 0.1378
Car -1 -1 -1.4593 592.6999 167.3351 623.0960 191.3180 1.5310 1.6067 3.8677 0.0258 0.3907 47.8988 -1.4587 0.0390
Car -1 -1 1.6794 532.0207 175.7964 556.6878 195.4508 1.5613 1.5967 4.0197 -5.1946 0.8142 59.1262 1.5918 -0.7509
