Car -1 -1 1.8145 336.9179 191.3891 482.4368 285.6273 1.4363 1.6678 4.5165 -3.7537 1.8587 14.1582 1.5553 14.5097
Car -1 -1 1.7729 436.9935 175.6401 515.8071 237.5221 1.7411 1.6425 3.9830 -4.1027 1.8361 22.4880 1.5924 8.7423
Car -1 -1 3.9533 0.0000 204.6770 111.2973 334.7847 1.4598 1.5890 3.9340 -9.0465 1.9142 9.4094 3.1876 2.9384
Car -1 -1 -1.6496 635.4487 165.4690 655.6002 181.8345 1.4674 1.5663 3.6916 3.2325 0.8056 66.5595 -1.6011 1.7770
Car -1 -1 1.6370 564.5447 168.0644 584.0523 184.2946 1.4805 1.5692 4.0600 -3.3488 1.0439 67.8560 1.5877 1.0242
Car -1 -1 -1.7026 683.8810 175.2481 739.0362 215.1052 1.4916 1.6613 4.2508 4.0089 1.5965 29.3837 -1.5670 0.9455
Car -1 -1 2.1291 132.1411 152.7501 254.8152 204.1199 1.5109 1.6238 3.8265 -13.2584 0.9200 23.1624 1.6092 0.5985
Car -1 -1 -1.5019 502.7146 168.6438 525.5244 187.4776 1.4931 1.5970 3.8144 -7.8537 1.1597 59.1533 -1.6339 0.5392
Car -1 -1 1.8033 409.8609 158.6624 452.0554 185.6084 1.4538 1.5531 3.4632 -10.0753 0.6885 40.6646 1.5604 0.0998
Car -1 -1 2.1093 519.2812 173.8640 579.4815 202.1789 1.4583 1.5760 3.7387 -3.2845 1.5165 39.3276 2.0260 -0.5106
