Car -1 -1 -1.1547 118.7339 198.9789 384.0089 358.6757 1.4216 1.5032 3.2848 -3.8832 1.6142 8.3379 -1.5906 14.5767
Car -1 -1 -1.0322 61.3290 190.6134 257.5808 278.3528 1.4720 1.5992 3.6614 -8.6064 1.5930 14.1205 -1.5796 11.0397
Car -1 -1 -1.5700 566.5633 179.3010 602.4762 212.6736 1.5091 1.6245 3.6415 -1.1445 1.2428 34.3484 -1.6033 9.6759
Car -1 -1 -0.7744 0.0000 205.7556 87.9359 375.0000 1.4784 1.6229 4.0768 -7.7786 1.7531 7.5306 -1.5760 9.5370
Car -1 -1 1.8281 366.7672 184.3119 431.0618 221.7070 1.4441 1.5909 3.9945 -8.5972 1.4104 29.7729 1.5469 6.8006
Car -1 -1 -1.2614 275.3039 145.6310 400.8643 240.5536 2.5115 2.0034 5.2925 -7.9510 1.4653 21.7016 -1.6126 6.2056
Car -1 -1 -1.1343 242.1905 184.3585 323.1835 222.4316 1.4167 1.5756 3.5464 -12.8411 1.3860 28.5294 -1.5572 5.4159
Car -1 -1 2.1326 52.7785 183.9330 203.4934 250.1513 1.5963 1.6138 3.7029 -12.6573 1.5665 19.1933 1.5496 2.1783
Car -1 -1 -1.3985 440.0692 165.2966 524.8511 232.6910 2.0975 1.9527 5.7711 -4.2736 1.4787 25.2593 -1.5661 0.7978
Car -1 -1 -1.7092 598.7790 174.0997 620.9922 190.1373 1.4894 1.6025 3.8666 0.1698 0.4582 68.7779 -1.7068 0.7674
Car -1 -1 -1.5196 600.4995 164.9976 622.4729 184.3077 1.5772 1.6549 4.2194 0.3363 -0.0787 61.0649 -1.5141 -0.3522
