Car -1 -1 3.0041 600.7980 169.4305 671.5529 196.5806 1.4437 1.5891 3.6702 1.3621 1.2620 39.3437 3.0387 8.2339
Car -1 -1 -1.9376 791.1640 166.7219 829.3360 186.6769 1.4438 1.5635 3.6014 14.9351 1.0005 54.0713 -1.6681 4.3770
Car -1 -1 1.2901 757.1744 162.5376 794.9151 184.7401 1.5747 1.6486 4.0531 12.1735 0.8433 53.2400 1.5149 3.3207
Car -1 -1 -2.4609 667.3672 166.2704 720.8982 188.2187 1.5584 1.6086 3.7326 6.1390 1.0913 53.1264 -2.3459 3.0981
Car -1 -1 2.2257 0.0000 177.7582 141.5243 264.4691 1.4944 1.6648 4.2437 -11.8471 1.6100 14.8125 1.5511 2.6843
Car -1 -1 -0.1771 46.7792 175.6130 167.0274 213.3510 1.4644 1.6086 3.9126 -21.0560 1.5878 30.2337 -0.7855 1.2736
Car -1 -1 2.0725 217.1168 170.6081 264.6671 191.3482 1.5316 1.6152 3.7911 -28.2030 1.3661 55.1983 1.6002 1.0659
Car -1 -1 -1.9959 835.1219 165.7218 878.6339 186.2258 1.4603 1.6047 3.8244 18.1777 0.9527 53.3648 -1.6676 0.9015
Car -1 -1 2.0484 120.4675 156.9015 174.2363 178.3440 1.4748 1.6247 3.9109 -33.0707 0.3780 51.6470 1.4788 0.6319
Car -1 -1 -2.2879 1037.6822 164.8010 1093.7493 185.5957 1.5251 1.6074 3.6328 34.5435 0.9349 54.8348 -1.7258 -0.4321
Car -1 -1 -0.4548 887.3253 167.6800 975.0318 199.0215 1.4610 1.5607 3.4987 15.2665 1.2202 34.4785 -0.0380 -0.6392
