Car -1 -1 -1.2054 176.8411 186.9076 404.5345 331.3851 1.5478 1.5812 3.4140 -3.9563 1.5753 9.4680 -1.6012 12.0383
Car -1 -1 -0.8892 0.0000 196.5453 141.4772 348.6726 1.4457 1.5554 3.8616 -7.9188 1.6208 9.0764 -1.6066 11.7576
Car -1 -1 -1.1022 125.2405 189.2058 285.4325 263.0689 1.4104 1.5511 3.7026 -8.6868 1.5097 15.8023 -1.6049 11.0136
Car -1 -1 -1.5981 565.1105 178.3591 602.2300 212.7178 1.5351 1.6433 3.7692 -1.2214 1.2299 34.0473 -1.6340 9.9683
Car -1 -1 -1.2833 296.9046 147.1830 412.0295 237.2139 2.5820 2.0457 5.4394 -8.0580 1.4924 23.3751 -1.6153 9.6789
Car -1 -1 -1.2310 261.7376 182.7432 335.6514 219.4573 1.4441 1.6254 3.9845 -12.9651 1.3480 30.3120 -1.6351 5.6326
Car -1 -1 -1.1102 121.8332 184.9413 239.2579 240.5516 1.5469 1.6077 3.6562 -12.8904 1.5404 21.8731 -1.6428 4.3406
Car -1 -1 1.8064 374.4151 181.0649 435.4395 221.1947 1.6330 1.6645 4.0077 -8.7767 1.4652 31.2826 1.5329 3.7631
Car -1 -1 -1.3843 441.8442 160.0889 523.3160 228.2768 2.2474 1.9664 5.3948 -4.4859 1.4204 26.4039 -1.5526 2.4499
Car -1 -1 1.5614 615.4615 181.4572 634.7368 199.1323 1.4809 1.6149 4.0503 1.4692 1.1671 62.2615 1.5850 0.8805
