Car -1 -1 -1.1583 171.0301 190.9796 399.0952 317.4130 1.4316 1.5641 3.6093 -4.3084 1.5284 10.1131 -1.5611 13.6615
Car -1 -1 -1.3582 388.0484 181.8235 477.4095 240.0274 1.4586 1.6105 3.9420 -4.7911 1.3747 19.9996 -1.5933 12.8212
Car -1 -1 -1.4265 466.1284 180.3346 516.6940 217.8159 1.4349 1.5297 3.6457 -4.7233 1.2491 29.3500 -1.5860 11.5245
Car -1 -1 -0.9190 0.0000 158.2242 146.3288 266.4017 1.9705 1.7971 4.6806 -12.3274 1.4800 15.4496 -1.5925 8.2398
Car -1 -1 -1.5821 576.3883 177.4380 610.4060 208.6380 1.5233 1.6621 4.0392 -0.7996 1.1447 37.1403 -1.6036 7.8398
Car -1 -1 -1.2665 336.3551 179.0923 408.1533 222.6620 1.5277 1.5716 3.5368 -8.7898 1.3142 26.9790 -1.5815 7.4650
Car -1 -1 -1.1276 200.0357 179.0263 339.8821 247.6722 1.5676 1.6437 4.0789 -8.5245 1.4274 18.4606 -1.5602 7.3074
Car -1 -1 -0.8057 0.0000 195.7830 51.7803 375.0000 1.4882 1.6130 4.1737 -8.2842 1.6329 7.6318 -1.6320 5.9197
Car -1 -1 1.5318 673.7388 182.0196 726.8278 229.1451 1.4805 1.6282 4.0788 3.0591 1.3812 24.6810 1.6551 3.7455
Car -1 -1 -1.3991 454.4361 170.5302 490.1084 197.0878 1.7241 1.6988 4.1199 -9.1561 0.7718 48.7346 -1.5848 2.6918
Car -1 -1 -1.1435 248.5281 171.3276 333.4975 211.6183 1.4698 1.5781 3.8793 -12.3382 0.9643 28.1707 -1.5563 2.2926
Car -1 -1 -1.2050 347.1837 160.9132 392.6637 183.9254 1.5101 1.6267 4.0620 -16.3259 -0.0914 49.4680 -1.5237 2.2434
Car -1 -1 2.0897 139.8988 164.3929 211.3958 195.5575 2.0531 1.8938 5.2761 -29.9532 0.6825 50.0117 1.5501 1.1011
