Car -1 -1 -0.5226 797.8053 160.3951 1168.5033 293.1179 1.4985 1.5907 3.8707 4.4625 1.3581 9.0629 -0.0650 13.6546
Car -1 -1 -0.2830 686.4972 154.0769 835.1893 214.0926 1.5691 1.5806 3.6971 4.0269 1.0785 19.8011 -0.0824 12.3955
Car -1 -1 3.4157 237.7401 150.6582 405.3184 206.3360 1.5152 1.6333 4.1695 -8.1891 0.9115 20.6604 3.0383 10.2801
Car -1 -1 0.4900 125.9633 145.4367 342.6713 225.9563 1.6419 1.6140 3.8349 -8.0269 1.0832 15.5424 0.0133 10.1321
Car -1 -1 3.6411 13.4640 154.7290 300.5379 246.0636 1.4982 1.6247 4.0147 -7.8768 1.2012 12.7517 3.0878 10.0244
Car -1 -1 0.5561 0.0000 130.3400 226.7109 265.3365 1.7093 1.6550 3.9949 -7.9024 1.1714 10.1652 -0.1047 9.9804
Car -1 -1 -0.2156 663.1125 155.9266 791.1033 205.0315 1.4523 1.5791 3.6354 3.5024 0.9520 22.2332 -0.0593 2.4034
Car -1 -1 -1.0727 829.7838 157.2365 881.5222 181.5361 1.4421 1.5371 3.5091 15.1653 0.5156 44.5714 -0.7447 2.0537
Car -1 -1 -2.6565 1181.7742 156.7157 1241.0000 188.0299 1.6328 1.5769 3.5482 33.7798 0.7917 39.5597 -1.9498 0.5279
Car -1 -1 -1.3522 351.3581 145.4046 419.5355 192.1053 1.5880 1.6128 3.7346 -8.1878 0.6550 26.4586 -1.6523 -0.5125
