Car -1 -1 2.0922 87.3007 197.7881 303.8432 293.0531 1.4272 1.6496 4.4826 -7.8971 1.9976 14.2396 1.5859 10.2426
Car -1 -1 -1.5691 591.9478 181.7308 624.3463 214.3008 1.6315 1.6740 4.1668 -0.1365 2.1418 39.3615 -1.5726 5.0291
Car -1 -1 1.7703 424.1821 183.5307 481.2956 223.6442 1.5439 1.6397 3.8901 -6.6695 2.0284 30.7650 1.5568 1.3185
Car -1 -1 1.7490 452.4704 179.2768 499.5014 214.3353 1.6234 1.6457 3.9085 -6.6766 1.9625 36.0846 1.5661 1.2913
Car -1 -1 -0.7960 711.7087 177.9617 783.6820 207.0454 1.5436 1.6261 4.0494 7.7679 1.8454 40.7573 -0.6077 1.1644
Car -1 -1 2.3103 0.0000 199.8975 182.7509 374.0000 1.4740 1.6033 3.8642 -6.5340 1.8320 7.5860 1.5993 0.0102
Car -1 -1 -1.2785 297.4128 187.5277 413.2268 256.6137 1.4809 1.6477 4.1708 -6.4027 1.9002 18.4807 -1.6120 -0.0176
Car -1 -1 -0.3759 904.6235 191.1878 1146.4375 272.3326 1.4712 1.5952 3.9316 8.1881 1.8697 14.6106 0.1349 -0.1763
Car -1 -1 -1.3423 392.8184 186.2813 464.1057 233.3795 1.4768 1.6177 3.8971 -6.4142 1.9919 25.7005 -1.5869 -0.5896
Car -1 -1 1.6743 493.1304 183.5566 521.5290 206.1399 1.4681 1.5930 3.7801 -7.1974 2.2481 50.6408 1.5331 -0.6875
