Car -1 -1 2.1151 0.0000 185.9813 271.0949 355.6443 1.5345 1.6114 3.9710 -5.8819 1.7327 8.8532 1.5287 14.1905
Car -1 -1 -2.1341 831.2844 186.2916 1241.0000 374.0000 1.4951 1.5656 3.4648 3.0192 1.6303 5.4617 -1.6291 13.2142
Car -1 -1 0.6876 343.2225 179.1440 415.6051 205.5615 1.4374 1.5699 3.8258 -13.2564 1.8109 41.3741 0.3775 7.8136
Car -1 -1 1.2500 464.5959 177.5791 518.4294 209.9062 1.4605 1.5266 3.5744 -5.8482 1.7034 35.0985 1.0849 7.3417
Car -1 -1 -0.4084 652.7900 170.8767 717.6391 190.8947 1.4873 1.7243 4.6231 5.7143 1.3407 55.1214 -0.3051 5.8395
Car -1 -1 -1.1498 90.9551 174.1525 184.6705 215.7321 1.4394 1.5759 3.6594 -17.6064 1.4919 27.0265 -1.7272 2.4388
Car -1 -1 1.9470 148.9823 179.2005 241.7420 224.3051 1.4625 1.5920 3.8358 -14.8405 1.7090 25.9706 1.4279 2.2747
Car -1 -1 1.7704 418.0659 182.7081 454.7326 205.7710 1.4740 1.6533 4.3372 -12.0492 2.1899 50.1881 1.5348 0.7656
Car -1 -1 -1.7905 747.6663 148.5322 815.9222 198.6143 1.7481 1.6689 3.9039 6.3270 0.8995 27.1417 -1.5614 0.6498
Car -1 -1 0.8246 987.0378 164.2634 1137.2154 212.4887 1.4600 1.6602 4.4630 14.9038 1.2003 24.1908 1.3768 -0.2761
