Car -1 -1 1.9957 150.3136 196.9331 421.9424 358.2618 1.4381 1.5707 3.7727 -3.7043 1.7996 8.9091 1.6017 14.3218
Car -1 -1 -1.8843 763.3280 174.1008 980.9391 316.7286 1.5023 1.5798 3.4579 3.0861 1.5218 9.3603 -1.5658 13.0691
Car -1 -1 -2.2043 884.9436 190.0556 1241.0000 374.0000 1.4621 1.5709 4.0669 3.0139 1.6068 4.0098 -1.5598 10.7934
Car -1 -1 2.2883 0.0000 214.1229 230.7632 374.0000 1.4120 1.5223 3.2766 -3.8665 1.7486 4.2185 1.5465 8.2504
Car -1 -1 -0.0181 775.2943 171.7381 917.8269 223.6342 1.5530 1.6608 4.1666 7.4114 1.5199 22.9870 0.2938 5.7470
Car -1 -1 -1.8462 646.3861 173.0619 704.7732 211.8825 1.5572 1.5921 3.4539 2.6965 1.5670 30.8058 -1.7589 5.7176
Car -1 -1 2.4464 548.5093 173.9357 598.3578 193.4580 1.5815 1.6390 4.0842 -3.0698 1.6758 60.6563 2.3958 5.0957
Car -1 -1 1.3863 591.5446 173.0240 628.5293 199.3470 1.5911 1.6379 3.9581 -0.0755 1.6027 45.7343 1.3847 3.2890
Car -1 -1 -1.1734 361.8771 165.3069 398.9662 183.7044 1.4629 1.5876 3.7258 -18.8458 0.8631 59.2973 -1.4811 -0.4181
Car -1 -1 1.3316 620.4099 170.8488 651.4541 189.9594 1.4686 1.5967 3.8644 2.0047 1.3149 57.4996 1.3665 -0.5148
