Car -1 -1 -1.3181 311.5566 189.9821 403.1305 247.6029 1.4912 1.5945 3.8551 -7.2035 1.6442 20.9129 -1.6499 11.8765
Car -1 -1 -1.1850 123.6803 189.2425 322.3966 299.4432 1.5994 1.6489 4.0331 -6.5421 1.6832 12.6649 -1.6618 11.4038
Car -1 -1 -1.4906 667.8700 182.9623 732.5085 239.0105 1.5931 1.6877 4.1483 2.9519 1.5302 22.6337 -1.3609 10.5113
Car -1 -1 -1.1791 205.6386 192.6222 310.0255 244.0309 1.5034 1.6225 4.1765 -11.4560 1.7713 23.7636 -1.6283 3.6200
Car -1 -1 1.7719 756.1904 180.9636 792.2667 204.4969 1.5792 1.6533 4.2596 11.7190 1.2950 50.5163 1.9999 3.3578
Car -1 -1 -0.8660 0.0000 206.7176 82.3268 336.8916 1.5158 1.6137 4.1080 -10.4363 1.9131 11.1477 -1.6184 3.2769
Car -1 -1 1.8315 357.3233 182.3303 402.1392 211.1956 1.6546 1.6414 3.7956 -13.6502 1.4904 43.1366 1.5250 3.0856
Car -1 -1 2.1361 3.3598 204.0230 151.3783 266.0862 1.5360 1.5969 3.9792 -15.3749 2.1416 21.0599 1.5055 2.1159
Car -1 -1 1.8099 385.0543 181.9693 410.7510 197.8436 1.5011 1.5779 3.6531 -20.3590 1.1952 69.8322 1.5262 1.6280
Car -1 -1 -1.2545 288.7132 195.9787 354.4968 233.1247 1.4622 1.5747 3.7467 -12.4175 1.9611 31.3226 -1.6320 1.4878
Car -1 -1 -1.2191 267.1944 185.1763 324.1583 213.3586 1.4720 1.6006 3.9898 -17.1335 1.4711 39.5815 -1.6277 0.6224
Car -1 -1 -1.3806 408.0252 166.2034 473.1633 220.7485 2.3417 1.9720 5.3951 -7.7213 1.5266 33.5883 -1.6065 0.5083
Car -1 -1 2.0644 83.1861 194.8996 239.1479 272.3410 1.6237 1.6027 3.7951 -10.7051 1.8866 17.4920 1.5152 -0.4414
