Car -1 -1 -1.3400 322.5744 190.4522 481.5102 292.1520 1.3803 1.6202 4.0961 -3.2679 1.4842 12.0408 -1.6051 13.5142
Car -1 -1 -1.4058 429.7452 177.3189 519.3289 243.4535 1.5416 1.6480 4.0447 -3.4007 1.3586 18.7863 -1.5848 12.9599
Car -1 -1 -1.5527 556.0807 172.6932 623.2590 239.8977 1.6207 1.6204 3.6066 -0.4964 1.3198 19.1413 -1.5786 10.6015
Car -1 -1 -1.4328 478.6918 173.7514 540.0483 222.2267 1.6169 1.6509 4.0826 -3.5140 1.2356 26.0181 -1.5670 8.7566
Car -1 -1 -1.1853 284.4523 171.7956 387.7209 231.8311 1.6062 1.5800 3.6147 -7.8743 1.2483 21.0565 -1.5432 5.2949
Car -1 -1 -1.2334 349.7934 175.8600 400.7051 204.2904 1.5001 1.5511 3.6794 -12.8331 1.0076 39.7834 -1.5455 5.1350
Car -1 -1 1.7285 453.8859 169.4548 490.8488 193.6978 1.4940 1.6827 4.3900 -8.7276 0.5238 46.5138 1.5430 4.8032
Car -1 -1 -1.3453 402.2200 173.0927 457.3722 206.5623 1.4594 1.6373 3.9621 -8.2108 0.9319 33.3353 -1.5868 4.3383
Car -1 -1 1.7172 514.3857 175.7643 560.2314 211.1153 1.6085 1.6405 3.9914 -3.3751 1.1796 34.7380 1.6203 1.2807
Car -1 -1 1.7159 621.7041 177.6011 645.3299 194.1391 1.4660 1.6032 3.9931 2.3806 0.7921 65.8258 1.7521 0.1533
Car -1 -1 1.6776 533.8031 171.6275 557.8437 190.1673 1.4552 1.5725 3.5448 -5.0001 0.3898 58.2068 1.5919 -0.1065
