Car -1 -1 1.8919 329.6615 188.8489 443.7076 256.7001 1.4779 1.6285 3.9977 -5.6762 1.9373 18.6854 1.5970 11.9196
Car -1 -1 1.8135 402.5737 185.0972 476.6652 234.5962 1.4605 1.5591 3.6929 -5.6330 1.9006 24.0605 1.5835 10.9236
Car -1 -1 -0.8944 0.0000 196.1238 229.9551 374.0000 1.6243 1.5946 3.9810 -5.8481 1.9298 7.4591 -1.5593 10.8292
Car -1 -1 -2.3665 962.8980 167.8284 1241.0000 374.0000 1.4693 1.5501 3.9639 3.1121 1.4629 2.9590 -1.5559 9.2829
Car -1 -1 1.7785 441.5601 183.1020 498.4589 224.1216 1.4926 1.5510 3.4811 -5.5781 1.9281 28.8813 1.5877 8.2979
Car -1 -1 1.7502 471.1848 182.2720 519.0874 214.7114 1.4282 1.6123 3.9318 -5.5301 1.9100 34.8996 1.5931 8.2966
Car -1 -1 1.7709 502.4006 181.0084 542.5309 208.4751 1.4973 1.6105 3.8725 -5.1392 2.0006 42.5079 1.6505 6.1210
Car -1 -1 -0.2168 788.3594 156.9734 900.4825 194.6817 1.5443 1.6583 4.2579 9.8124 0.8943 30.5712 0.0938 5.8757
Car -1 -1 1.7571 462.1935 170.1109 492.5892 190.8645 1.4431 1.5399 3.4482 -9.5303 1.2527 51.8966 1.5755 4.4917
Car -1 -1 -0.5980 1019.5630 147.1124 1116.9943 175.6374 1.4643 1.6405 4.1145 24.0027 0.1432 37.9259 -0.0338 4.2999
Car -1 -1 -0.6113 1106.8646 137.6705 1241.0000 174.6935 1.4754 1.6361 4.3556 23.1721 0.0737 29.6807 0.0516 4.2350
Car -1 -1 -1.7917 724.6423 168.3254 769.9448 197.4757 1.5077 1.6151 3.8126 7.3743 1.2739 39.2508 -1.6059 3.6548
Car -1 -1 -2.0068 925.9288 151.5310 985.8968 179.0788 1.5214 1.6399 3.8775 19.9220 0.3441 41.7927 -1.5619 2.5381
Car -1 -1 0.3136 328.6857 173.1961 399.4739 196.4520 1.4674 1.6142 4.0061 -15.8009 1.4901 46.3856 -0.0148 1.3787
Car -1 -1 2.8611 782.3154 154.0305 872.7165 188.7387 1.5469 1.5651 3.6614 9.8461 0.7083 32.9565 3.1514 0.8401
Car -1 -1 1.2564 475.3038 166.8910 506.0797 184.7148 1.6079 1.6455 4.0817 -11.1745 1.0703 67.2788 1.0918 -0.1892
Car -1 -1 -0.3116 760.8050 168.6556 846.6197 199.1129 1.4650 1.5974 3.7800 9.4780 1.2634 35.5979 -0.0514 -0.3714
