Car -1 -1 -1.9650 813.5841 183.1954 1088.1447 347.1373 1.5017 1.5895 3.6826 3.6993 1.6531 8.6877 -1.5624 14.0637
Car -1 -1 1.9326 273.0544 191.7951 431.7551 285.7642 1.4262 1.5718 3.7296 -4.7036 1.8330 13.5951 1.5995 13.4152
Car -1 -1 2.0930 0.0000 191.2208 325.7487 374.0000 1.5299 1.5857 3.7993 -4.7312 1.7826 8.0051 1.5592 12.1888
Car -1 -1 1.8350 374.6729 184.4617 481.3387 251.4886 1.4902 1.6333 4.3047 -4.6738 1.8305 18.9608 1.5933 12.0532
Car -1 -1 -1.8475 739.5496 177.7811 885.2927 272.6911 1.5349 1.6235 3.9387 3.6396 1.6434 13.8569 -1.5907 11.9000
Car -1 -1 1.7518 501.1918 178.9820 545.9277 211.5280 1.4662 1.5606 3.4197 -4.1708 1.7781 34.9195 1.6329 10.5926
Car -1 -1 -1.7553 711.9068 179.4878 802.5358 244.9116 1.5081 1.6204 3.8640 3.6995 1.7007 18.9619 -1.5626 10.4044
Car -1 -1 -2.3947 1027.7617 193.0206 1241.0000 374.0000 1.5385 1.6042 4.1383 3.6707 1.6846 3.1071 -1.5263 7.8976
Car -1 -1 -1.7152 700.8006 177.0610 765.4012 228.0908 1.5836 1.6218 3.8093 4.0709 1.7387 24.6247 -1.5513 7.8757
Car -1 -1 -1.7432 686.7624 178.3485 743.5589 218.4724 1.5174 1.6465 4.0111 4.2346 1.7608 29.8717 -1.6024 6.3940
Car -1 -1 1.7298 517.7098 175.3854 558.9712 206.4904 1.6059 1.6433 3.9973 -3.9157 1.7524 39.6259 1.6313 3.7112
Car -1 -1 -1.7831 720.7472 163.7676 751.4027 183.2489 1.4700 1.5916 3.7830 9.7841 0.7847 56.3640 -1.6112 2.9107
Car -1 -1 -1.5819 520.9951 164.1994 541.5484 183.5521 1.4679 1.5526 3.4245 -6.2127 0.8118 56.5184 -1.6914 1.5210
Car -1 -1 -1.7943 765.6554 169.4313 794.1570 187.4744 1.4671 1.5682 3.5665 14.1786 1.1892 60.4565 -1.5639 -0.1745
Car -1 -1 1.4815 643.0918 181.1824 666.1463 199.1934 1.4741 1.6402 4.1893 3.8495 2.2276 63.1274 1.5424 -0.4026
