Car -1 -1 -1.0954 124.3762 185.4997 294.9034 258.8213 1.3600 1.5768 3.8150 -8.2778 1.3679 15.2683 -1.5922 13.7531
Car -1 -1 -1.2925 333.8189 184.1148 465.4094 266.1882 1.4678 1.5776 3.8606 -4.1543 1.4492 14.7859 -1.5664 13.6520
Car -1 -1 -1.6844 656.7447 178.8799 700.0744 211.5243 1.3833 1.5437 3.3973 3.0767 1.1159 32.1693 -1.5891 11.4995
Car -1 -1 -1.4117 469.6472 180.0403 526.2543 218.7047 1.3822 1.5825 3.6586 -4.1726 1.1984 27.5314 -1.5621 10.5932
Car -1 -1 -1.5561 593.3515 174.6877 626.6561 207.4788 1.6010 1.6269 3.4259 0.1072 1.0881 36.8209 -1.5532 8.9662
Car -1 -1 -1.2278 299.1366 166.2907 397.4818 225.6721 1.7761 1.6922 4.2754 -8.4268 1.2112 23.6348 -1.5703 8.5419
Car -1 -1 -1.4695 512.5122 176.8954 549.7376 206.7475 1.5100 1.5910 3.8608 -4.0624 1.0903 38.2930 -1.5752 5.5682
Car -1 -1 -1.6310 625.6812 175.8354 646.1279 192.8844 1.4480 1.5690 3.5841 2.4256 0.6524 62.8577 -1.5925 3.8725
Car -1 -1 -1.3855 495.9119 174.6763 520.1013 190.6731 1.4791 1.5853 3.9387 -9.4751 0.5057 68.4681 -1.5230 2.2468
Car -1 -1 -1.4841 586.3138 178.2052 616.5097 203.1376 1.4796 1.5548 3.7667 -0.3805 1.0647 44.5962 -1.4926 2.2453
Car -1 -1 -1.3967 457.8456 165.2937 491.8272 187.5296 1.4803 1.6187 4.2109 -9.2099 0.1552 49.9629 -1.5790 1.8229
Car -1 -1 -1.4084 443.4283 176.9788 484.6712 205.6063 1.4864 1.6167 3.7938 -7.8199 1.0598 39.2432 -1.6051 1.2423
