Car -1 -1 -1.9463 759.3990 197.5062 1112.3779 374.0000 1.4356 1.6229 4.1198 2.7145 1.7542 7.2381 -1.5875 14.6133
Car -1 -1 1.6836 484.2373 184.0291 548.3366 237.4621 1.4503 1.5507 3.6514 -2.8467 1.8228 22.1871 1.5560 11.5502
Car -1 -1 -1.7532 641.4607 179.9633 710.2048 231.6023 1.6625 1.6984 4.2924 2.2357 1.9414 26.0554 -1.6676 11.2692
Car -1 -1 0.6904 0.0000 201.5846 234.1371 374.0000 1.4545 1.5650 3.9129 -6.0826 1.7675 7.0206 -0.0235 11.0793
Car -1 -1 3.4777 106.2705 183.3541 379.3145 275.6735 1.5252 1.6371 4.1567 -6.5854 1.7338 13.2342 3.0160 10.1267
Car -1 -1 0.6656 0.0000 187.2116 319.6128 302.4673 1.5204 1.6411 4.1015 -6.7699 1.7564 10.8055 0.1059 8.7564
Car -1 -1 3.2824 373.4595 178.0273 488.1583 218.3530 1.5424 1.6637 4.2687 -7.1388 1.7576 28.9068 3.0403 8.4592
Car -1 -1 0.8910 0.0000 204.0932 108.3430 374.0000 1.5592 1.6769 4.5411 -5.9624 1.7887 4.3387 -0.0507 5.3525
Car -1 -1 -1.5555 619.0195 181.6036 639.1807 201.1824 1.5212 1.6124 3.8153 1.5841 2.2695 59.7325 -1.5290 2.6920
Car -1 -1 3.0044 684.5238 176.2891 726.6445 193.6079 1.4465 1.5251 3.3716 8.0823 1.7426 61.3430 3.1354 1.1895
Car -1 -1 1.6545 535.9305 174.9698 555.8478 191.0776 1.4832 1.5820 3.8082 -6.1088 1.6910 68.8448 1.5660 0.7772
Car -1 -1 3.2491 479.2997 166.5047 536.0807 185.9137 1.4814 1.6253 4.2102 -7.9246 0.9971 55.9490 3.1084 -0.2037
Car -1 -1 1.3763 731.9591 177.1861 768.0821 201.7852 1.4669 1.5686 3.5519 8.7404 1.7507 45.4311 1.5663 -0.4892
