Car -1 -1 -2.2113 94.7288 177.0994 346.1763 299.5130 1.9601 1.7798 4.4792 -7.3183 2.0497 13.4158 -2.7107 8.4633
Car -1 -1 1.3749 420.3564 184.0770 496.5670 236.5486 1.4321 1.5806 4.0216 -4.9103 1.8203 22.7731 1.1626 7.0788
Car -1 -1 1.5856 350.6643 184.7394 402.6652 235.0264 1.4141 1.4652 3.3347 -7.4374 1.8224 22.9521 1.2723 6.9207
Car -1 -1 -2.1162 0.0000 205.2818 70.0436 280.8454 1.4495 1.5634 3.5513 -14.2724 2.2360 16.2108 -2.8381 5.3313
Car -1 -1 -2.1529 1054.3712 173.6811 1181.3723 220.4754 1.4573 1.6115 3.9445 17.0477 1.4880 24.5299 -1.5456 2.3332
Car -1 -1 3.3214 0.0000 187.6255 80.4594 227.0139 1.4635 1.5397 3.4473 -23.8932 2.0974 29.4394 2.6396 1.9571
Car -1 -1 0.1937 640.9977 152.2244 766.7208 201.5568 1.4593 1.5846 3.6835 2.9187 0.8494 22.6747 0.3218 0.4560
Car -1 -1 -1.5046 803.4071 158.6450 855.3028 203.1978 1.5764 1.6456 3.9652 8.4267 1.0740 27.6721 -1.2090 0.3479
Car -1 -1 -0.8934 227.1604 159.9384 287.7052 182.3892 1.4767 1.6060 3.9666 -24.1774 0.6275 49.5671 -1.3472 -0.5031
Car -1 -1 1.8896 621.8266 144.5380 670.7755 174.2636 1.5202 1.5871 3.5953 1.9663 0.0724 38.8609 1.9402 -0.7793
