Car -1 -1 -1.3323 324.2408 197.6556 447.5264 290.7992 1.4596 1.5055 3.3796 -4.2388 1.9991 13.9544 -1.6272 14.3956
Car -1 -1 -1.9437 763.3568 180.3012 1064.7319 370.6519 1.5104 1.5991 3.7145 2.8254 1.6100 7.7443 -1.5939 14.2101
Car -1 -1 -1.7031 679.2263 182.7959 758.7340 245.2037 1.3723 1.5240 3.2381 2.5819 1.6433 18.0084 -1.5607 12.4023
Car -1 -1 -1.3516 425.5462 181.6840 507.4508 240.9019 1.6776 1.6908 4.2681 -4.5477 1.9888 23.2364 -1.5449 11.3588
Car -1 -1 1.7134 491.8721 182.0703 533.1119 215.3551 1.5804 1.5932 3.7172 -5.0056 2.0792 37.1543 1.5795 10.9281
Car -1 -1 -1.6278 646.3046 175.1164 687.2338 213.2785 1.6783 1.6826 4.0208 2.5784 1.7916 33.9953 -1.5521 7.0822
Car -1 -1 1.7414 524.0218 182.9724 555.6583 205.0096 1.4939 1.6485 4.0333 -5.1274 2.2650 52.8850 1.6448 1.8078
Car -1 -1 -1.6182 672.4697 159.1332 693.0428 176.6987 1.4752 1.5917 3.7685 6.2552 0.3233 62.5185 -1.5185 1.5532
Car -1 -1 1.7175 549.9489 183.0218 570.9251 198.7964 1.4700 1.5616 3.6354 -4.9038 2.5047 71.5226 1.6490 1.1242
Car -1 -1 1.6590 681.4839 174.2374 709.0000 195.8459 1.4970 1.6269 4.1876 6.2090 1.6023 52.4850 1.7768 -0.3752
