Car -1 -1 -1.9303 777.1080 202.6354 1104.9353 374.0000 1.3958 1.5808 3.8732 2.8535 1.7780 7.3018 -1.5578 14.4459
Car -1 -1 -1.7478 703.3980 188.8695 806.6921 261.6331 1.3719 1.5978 3.9395 3.1160 1.7814 16.4499 -1.5606 13.8854
Car -1 -1 0.3968 181.7569 184.2672 438.8576 268.5720 1.4858 1.6166 4.2364 -5.6288 1.7170 13.7641 0.0086 11.3925
Car -1 -1 0.6307 0.0000 169.6256 315.9338 321.6604 1.6171 1.6597 4.1634 -5.9575 1.5831 8.5470 0.0219 11.3251
Car -1 -1 -1.7020 657.2810 178.8363 702.4230 214.4801 1.6016 1.6677 3.9824 3.3004 1.9100 35.1188 -1.6083 9.4001
Car -1 -1 1.6578 543.3937 179.3414 586.2364 217.3827 1.5320 1.5624 3.5593 -1.9592 1.8315 31.4676 1.5956 9.3204
Car -1 -1 0.4151 258.6634 183.5358 460.9940 253.9145 1.4929 1.5911 4.0951 -5.7046 1.7527 16.5587 0.0833 9.2258
Car -1 -1 0.0559 474.4274 178.2091 544.2525 207.9250 1.5325 1.5761 3.6067 -5.3595 1.8254 38.4782 -0.0825 5.6277
Car -1 -1 3.3150 348.3879 175.8305 493.6637 226.7962 1.5291 1.6355 4.2109 -5.9046 1.6274 22.7452 3.0610 5.5219
Car -1 -1 3.6199 0.0000 166.0741 313.6253 280.5448 1.6119 1.6126 3.8293 -6.8528 1.5168 11.1043 3.0670 1.6840
Car -1 -1 -1.6081 643.3246 177.4518 661.2710 193.5172 1.4663 1.5693 3.5604 3.9857 1.9157 68.6746 -1.5501 0.1143
Car -1 -1 -2.9802 483.5572 178.2429 550.8463 203.4122 1.4714 1.5826 3.8105 -5.5814 1.8023 43.3988 -3.1081 -0.0648
Car -1 -1 0.0511 521.1920 167.8840 568.3630 184.5899 1.4938 1.6530 4.1819 -5.9043 1.0498 65.4228 -0.0389 -0.1747
Car -1 -1 -0.1502 695.4366 175.4626 744.3532 191.2381 1.5142 1.6960 4.5127 10.6745 1.7721 70.3824 0.0003 -0.8379
