Car -1 -1 3.6697 24.8101 194.4211 341.9863 298.4003 1.3879 1.5417 3.8063 -6.2269 1.7320 10.7242 3.1436 12.5812
Car -1 -1 -1.6756 660.7593 180.9558 701.3485 211.5988 1.4119 1.6182 3.8983 3.4760 1.8411 36.2333 -1.5799 9.9729
Car -1 -1 0.3241 332.4048 184.1316 494.7768 238.8875 1.4737 1.6361 4.2038 -5.6176 1.8131 20.7468 0.0597 9.9187
Car -1 -1 0.3248 362.3458 179.2627 508.9842 231.0608 1.5723 1.6583 4.2714 -5.5786 1.7874 23.1646 0.0885 7.8088
Car -1 -1 -2.3139 0.0000 213.0914 148.8440 374.0000 1.4394 1.6350 4.2387 -6.5014 1.8174 5.9470 -3.1438 7.6361
Car -1 -1 3.5699 105.7328 182.8662 364.0057 276.3965 1.5654 1.6078 3.8611 -6.7324 1.7606 13.1531 3.0968 7.6299
Car -1 -1 0.2054 432.3749 178.7256 537.6875 215.2499 1.4934 1.5951 4.1710 -5.2968 1.7503 30.6478 0.0342 7.2098
Car -1 -1 -2.3794 909.7611 94.6881 1241.0000 374.0000 1.5341 1.5601 3.8633 2.6526 1.4597 2.6345 -1.5906 5.9554
Car -1 -1 0.2862 385.3612 178.4038 512.6347 222.3184 1.5160 1.6258 4.2062 -5.8089 1.7244 26.0983 0.0672 5.5111
Car -1 -1 1.9464 450.6699 147.2315 493.0282 170.3428 1.4553 1.5305 3.6314 -9.1304 -0.1726 47.7753 1.7575 4.2938
Car -1 -1 0.4071 291.3252 180.1078 460.0634 245.0374 1.5425 1.6143 3.7471 -5.9309 1.7371 18.3375 0.0943 1.7874
Car -1 -1 -1.6131 647.5023 165.3269 676.7728 194.5729 2.0142 1.8860 5.2661 3.7011 1.4962 52.3498 -1.5425 0.8333
Car -1 -1 -1.5813 646.6152 158.9165 667.5339 177.9740 1.4672 1.6084 3.9464 3.7065 0.3945 57.5601 -1.5170 0.6863
Car -1 -1 0.1259 445.6058 164.7085 544.9759 208.4390 1.9423 1.7577 4.3010 -5.2198 1.5809 32.9900 -0.0310 -0.0478
Car -1 -1 -0.9969 280.6523 156.3122 341.1438 183.1119 1.5403 1.5855 3.7475 -17.9766 0.5899 43.4545 -1.3892 -0.4330
