Car -1 -1 1.9126 289.2758 180.3734 487.5987 301.9036 1.4923 1.6062 4.1096 -3.2234 1.6315 11.2176 1.6327 13.0375
Car -1 -1 -1.7494 722.1956 169.9257 791.5204 217.4974 1.4504 1.5849 3.7649 4.7270 1.3615 23.8915 -1.5541 12.7400
Car -1 -1 1.7284 516.9303 168.9650 580.5874 219.5665 1.5907 1.5926 3.7456 -2.0538 1.4688 24.6063 1.6451 11.3950
Car -1 -1 1.7859 414.5564 164.3060 534.8412 254.9105 1.6799 1.6595 4.1824 -2.7851 1.5218 15.4963 1.6081 10.8005
Car -1 -1 -1.7441 704.9852 160.4952 766.2395 210.3378 1.9222 1.7665 4.3493 5.0901 1.4460 30.0034 -1.5760 7.6477
Car -1 -1 1.6097 542.2164 165.7819 587.1618 209.2622 1.6857 1.7077 4.2339 -1.8657 1.4119 30.1065 1.5478 5.2538
Car -1 -1 -0.4979 886.8079 118.5693 1147.2251 217.8511 2.5244 2.0536 5.8313 10.7021 1.1445 19.3890 0.0065 4.7023
Car -1 -1 1.7411 576.6656 167.9027 605.7109 188.7772 1.5819 1.6276 4.0263 -1.4680 1.2070 56.7842 1.7153 1.1691
Car -1 -1 -1.0026 593.4069 176.0251 643.1436 198.3521 1.4748 1.6025 3.9398 0.5899 1.7056 50.3387 -0.9909 0.2585
Car -1 -1 1.6042 538.0243 158.2117 557.0297 175.1264 1.4725 1.5772 3.7050 -5.5977 0.1982 64.7017 1.5179 0.0934
