Car -1 -1 -1.9295 750.8827 190.2748 971.4027 337.9764 1.4673 1.5442 3.2627 2.9162 1.7309 9.2288 -1.6234 13.6437
Car -1 -1 0.5767 0.0000 164.7532 309.2995 320.6604 1.7585 1.6441 4.0548 -6.1785 1.6675 9.0070 -0.0245 10.2082
Car -1 -1 0.7283 0.0000 185.3908 221.1435 374.0000 1.5234 1.6106 4.1722 -6.1640 1.6540 6.6455 -0.0196 10.0981
Car -1 -1 3.5019 159.0582 173.4256 377.2838 262.5549 1.5989 1.5673 3.4604 -6.4839 1.6109 13.8672 3.0645 9.1334
Car -1 -1 -0.2293 773.5394 177.4714 951.7777 239.0212 1.5341 1.6277 4.1996 6.5334 1.6635 19.1518 0.0995 9.1240
Car -1 -1 3.3400 414.8536 172.6774 505.7698 207.8537 1.5551 1.5833 3.7977 -6.7734 1.5476 32.6983 3.1357 8.6804
Car -1 -1 2.8667 712.9009 170.0675 841.1472 218.8641 1.7618 1.7232 4.3733 6.1457 1.6616 27.0212 3.0903 8.6472
Car -1 -1 -3.4400 778.8052 184.9814 992.8991 253.1967 1.4582 1.6150 4.3376 6.1910 1.7546 16.6816 -3.0847 6.7272
Car -1 -1 0.3345 310.2112 156.9819 465.9770 222.6825 2.0116 1.7907 4.4178 -7.0532 1.5260 23.0669 0.0378 4.5080
Car -1 -1 3.1571 444.3510 167.8174 524.8368 201.7692 1.7199 1.6528 4.0526 -6.5564 1.4651 37.6808 2.9849 3.9231
Car -1 -1 1.6810 518.4395 172.5213 544.1306 193.1781 1.5689 1.5983 3.8255 -6.1785 1.5440 56.7129 1.5725 3.0671
Car -1 -1 0.0033 681.0387 163.7157 722.7932 180.5037 1.4687 1.5658 3.6367 8.1443 0.6696 64.1309 0.1297 0.9117
Car -1 -1 -0.0262 445.9338 157.7060 504.4041 182.0174 1.6038 1.6442 3.8254 -9.1564 0.6048 48.8006 -0.2116 -0.2693
