Car -1 -1 2.0397 0.0000 198.6462 392.7833 374.0000 1.4317 1.6441 4.2723 -3.6686 1.7647 7.1643 1.5664 14.4089
Car -1 -1 1.8328 351.3760 176.5286 478.1167 273.8887 1.7924 1.6391 3.8627 -4.0391 1.8809 15.3622 1.5757 13.8814
Car -1 -1 1.7657 505.8834 179.1820 555.5913 213.9064 1.4393 1.5448 3.6629 -3.5483 1.7412 32.4854 1.6569 6.8645
Car -1 -1 -1.5759 641.2775 165.5305 661.1749 183.9992 1.4688 1.5810 3.8521 3.3546 0.8867 59.3457 -1.5194 1.3837
Car -1 -1 1.6439 529.8371 158.2597 549.0487 173.6394 1.4747 1.5975 4.0604 -6.9550 0.0757 71.2327 1.5465 1.2410
Car -1 -1 1.6600 523.7139 175.5451 560.7707 205.2805 1.4937 1.6319 3.8948 -3.6062 1.6451 38.5458 1.5667 1.1682
Car -1 -1 -1.7115 708.9937 180.7216 782.3943 235.8658 1.4878 1.6308 4.0540 4.0074 1.7517 22.1088 -1.5322 1.0426
Car -1 -1 -1.4099 486.5798 166.5740 517.1986 187.5966 1.4625 1.5996 3.8030 -7.7952 1.0260 52.1036 -1.5584 0.5296
Car -1 -1 1.5255 655.0411 169.6769 683.9198 194.4416 1.4679 1.6029 3.8468 3.6148 1.2799 44.7149 1.6062 0.4191
Car -1 -1 3.4116 361.6368 164.1389 447.3749 194.6648 1.4634 1.5784 3.7608 -10.0703 1.0459 35.3896 3.1344 -0.0900
Car -1 -1 -1.8363 649.5332 162.7127 677.8979 179.9161 1.4756 1.5811 3.7082 4.7004 0.6061 63.8563 -1.7628 -0.3807
Car -1 -1 -0.8130 458.3707 174.9260 521.3320 202.0149 1.4565 1.5584 3.4844 -6.8121 1.5799 40.9614 -0.9778 -0.6535
