Car -1 -1 -1.1214 132.3644 187.4490 306.1507 272.1200 1.5141 1.5934 3.9663 -7.8961 1.5680 14.9673 -1.6069 14.0105
Car -1 -1 -1.3443 376.0691 186.7092 472.4391 245.1270 1.4387 1.6470 4.3608 -5.0055 1.4860 20.0081 -1.5894 13.8748
Car -1 -1 -1.2326 278.1634 187.4882 365.3986 238.0734 1.4340 1.4811 3.3304 -8.7801 1.5107 22.2181 -1.6090 12.6230
Car -1 -1 -1.5676 572.3401 183.3235 603.0588 211.0934 1.4703 1.6267 3.9410 -1.1421 1.3712 40.0462 -1.5962 7.7000
Car -1 -1 -1.2359 358.3981 183.6029 408.2450 209.6380 1.4821 1.6281 3.9680 -13.3620 1.3914 42.9271 -1.5377 4.6562
Car -1 -1 2.0796 39.8992 177.6965 197.7350 248.4274 1.6851 1.6760 4.1403 -12.9090 1.5071 19.2537 1.4889 3.0970
Car -1 -1 -1.3723 390.4872 181.1688 443.3045 217.6146 1.5326 1.5921 3.6398 -8.4870 1.3635 32.0888 -1.6308 2.7816
Car -1 -1 -0.8772 0.0000 88.6005 306.3608 375.0000 1.9294 1.7164 4.0292 -3.5543 1.6258 4.2789 -1.5703 2.7138
Car -1 -1 -1.4515 474.3950 160.4620 530.6576 212.0865 2.2044 1.9522 5.4016 -4.8192 1.1485 33.4154 -1.5947 2.0798
Car -1 -1 -1.5277 576.8644 174.6717 597.3760 192.4984 1.4754 1.5868 3.9562 -1.7487 0.6039 61.4804 -1.5562 -0.4069
Car -1 -1 -2.4089 487.6314 181.1801 548.3670 205.7013 1.4580 1.5660 3.5973 -5.5865 1.2192 44.4072 -2.5341 -0.5685
