Car -1 -1 -1.7959 689.8881 165.2340 786.2085 232.1038 1.5760 1.6394 3.8774 3.1956 1.3968 18.9857 -1.6291 13.7901
Car -1 -1 -1.9378 778.3909 174.4236 1173.2550 374.0000 1.4662 1.5941 3.9624 2.6628 1.4849 6.4392 -1.5457 13.4327
Car -1 -1 -1.4611 494.7535 166.0319 567.9904 229.9218 1.6320 1.6392 3.8048 -2.1671 1.4581 20.3331 -1.5673 12.1579
Car -1 -1 -2.4322 0.0000 184.1597 187.2162 295.7082 1.4761 1.6079 3.7072 -8.5670 1.6557 10.5757 -3.1130 12.0440
Car -1 -1 -1.6715 677.6015 168.6386 736.9753 219.6079 1.6383 1.6461 3.9255 3.2687 1.5032 25.1750 -1.5424 7.5188
Car -1 -1 -1.6614 664.9058 159.1781 707.6500 199.0977 1.8577 1.7263 4.0420 3.6662 1.2216 35.6062 -1.5588 5.4661
Car -1 -1 -1.4576 549.6439 168.1359 590.1273 203.2514 1.5775 1.5411 3.3947 -1.8915 1.3659 34.1501 -1.5130 5.3518
Car -1 -1 -1.5026 515.0638 166.3729 570.9959 219.9804 1.7319 1.6865 3.9247 -2.3151 1.5229 25.2895 -1.5939 4.2509
Car -1 -1 0.1482 502.7287 152.8094 563.7777 174.2737 1.5082 1.6306 4.1471 -5.4863 0.1001 51.5999 0.0423 1.8441
Car -1 -1 1.6173 578.9288 159.4326 601.9644 179.6224 1.4715 1.5673 3.7733 -1.4734 0.4937 54.4875 1.5903 1.2767
Car -1 -1 1.3691 394.3064 157.0244 429.7516 180.2182 1.4800 1.5678 3.6629 -13.2402 0.4703 48.0278 1.1001 1.1627
Car -1 -1 2.0633 340.6380 166.0447 383.3430 184.7544 1.4774 1.5784 4.0569 -20.2845 0.9401 59.1037 1.7327 1.0905
Car -1 -1 -0.9260 653.5555 164.7609 708.8734 186.8580 1.5024 1.5808 4.3999 5.0676 0.9525 51.2096 -0.8274 0.3791
Car -1 -1 -1.5961 660.3624 163.8415 688.1879 191.2766 1.6869 1.6739 4.0045 4.0637 1.1331 46.4134 -1.5087 -0.8403
