Car -1 -1 -2.5099 0.0000 187.0081 298.1654 313.9955 1.5044 1.6493 4.0493 -6.5950 1.7111 9.6303 -3.1104 12.3768
Car -1 -1 -1.7829 686.3346 171.9575 815.2868 272.2197 1.7821 1.7351 4.0887 2.6766 1.7665 14.8947 -1.6051 11.9553
Car -1 -1 0.4588 64.8722 183.4766 379.2309 285.8035 1.5433 1.6501 4.3027 -6.2832 1.7325 11.9420 -0.0256 10.7374
Car -1 -1 3.5930 152.4787 188.0098 399.0906 267.9497 1.4621 1.6052 4.1763 -6.5765 1.7820 14.3641 3.1636 10.0394
Car -1 -1 -1.6999 655.8107 181.2926 716.1044 229.7302 1.5632 1.6481 3.9025 2.6071 1.8901 25.9453 -1.5997 7.8678
Car -1 -1 -1.6692 638.1791 179.7065 676.6903 211.1935 1.5338 1.6384 3.8763 2.4086 1.9135 37.9670 -1.6059 6.4077
Car -1 -1 3.3915 281.4466 178.7502 441.3833 243.1032 1.6037 1.6175 3.7195 -6.5259 1.7680 19.1059 3.0624 6.3331
Car -1 -1 -1.7404 670.8300 184.5040 749.6757 247.1129 1.5481 1.5853 3.6739 2.6887 1.9080 20.3992 -1.6093 6.2829
Car -1 -1 3.3544 339.1261 181.7031 470.8715 237.4764 1.5581 1.5678 3.4942 -6.0260 1.8310 21.3284 3.0790 4.6269
Car -1 -1 3.2756 462.2928 175.9928 532.9896 206.9656 1.7206 1.6660 3.7943 -6.3969 1.9036 41.1276 3.1213 4.5074
Car -1 -1 3.4852 236.3370 183.1049 413.3870 250.1465 1.4712 1.5415 3.5472 -6.6308 1.7235 16.9068 3.1114 2.5883
Car -1 -1 1.1574 1065.3746 169.4314 1121.3073 192.8260 1.4898 1.6288 3.9724 32.0725 1.2722 48.0424 1.7460 1.9310
Car -1 -1 1.7205 501.6971 179.2494 534.9013 205.0236 1.4915 1.5344 3.4068 -5.6279 1.9001 44.3269 1.5942 0.8673
