Car -1 -1 -2.1623 150.6504 216.9156 437.5955 374.0000 1.4934 1.5403 3.2878 -3.8587 2.1115 8.5888 -2.5845 12.2065
Car -1 -1 -1.9966 0.0000 228.2635 224.3438 362.3235 1.4970 1.5729 3.4816 -7.6732 2.4549 10.9052 -2.6098 11.6655
Car -1 -1 -1.5248 865.2022 176.8697 965.2606 272.0777 1.6163 1.6340 3.9526 6.1866 1.7096 14.5618 -1.1231 10.1039
Car -1 -1 -1.7566 1134.4849 164.8215 1241.0000 247.8761 1.6326 1.6437 3.9906 13.1621 1.4750 16.3268 -1.0781 8.1042
Car -1 -1 -1.6912 1089.3499 159.0363 1162.6132 214.1378 1.7984 1.6531 3.8254 18.1753 1.3478 25.6224 -1.0742 5.4075
Car -1 -1 -1.9057 1192.7465 159.4674 1241.0000 298.3629 1.6640 1.6804 4.0079 10.3670 1.5039 10.8131 -1.1413 5.0801
Car -1 -1 -1.5147 930.8174 179.5773 978.1482 219.4542 1.5281 1.5906 3.7605 14.4978 1.8304 30.3632 -1.0693 1.9563
Car -1 -1 -1.5867 924.6972 177.5785 975.0274 222.8603 1.5326 1.5885 3.7849 12.5760 1.7225 26.8980 -1.1493 1.5915
Car -1 -1 -1.7301 1124.3024 167.4363 1222.0006 231.3908 1.6838 1.6468 3.7839 16.2451 1.5415 21.0498 -1.0729 0.7174
Car -1 -1 -1.7250 1149.3611 139.8585 1208.8302 175.0749 1.4521 1.5338 3.3915 24.8121 0.0919 31.6040 -1.0594 -0.7911
