Car -1 -1 -1.1939 221.9418 182.1301 399.1307 281.6016 1.5173 1.5944 3.8610 -5.1443 1.4713 12.8937 -1.5735 13.5724
Car -1 -1 -0.9773 0.0000 187.9118 217.7780 281.8787 1.4380 1.5160 3.5993 -8.7794 1.4943 12.9035 -1.5748 12.0283
Car -1 -1 -0.8596 0.0000 201.4374 230.2517 375.0000 1.4843 1.5479 3.9354 -4.3721 1.6396 4.8452 -1.5937 11.1350
Car -1 -1 -1.2909 352.8963 182.8183 415.1161 219.8226 1.3881 1.5081 3.3199 -8.8797 1.2993 28.6370 -1.5916 10.1100
Car -1 -1 -1.5568 575.1413 174.0908 614.0243 212.3227 1.6143 1.6419 3.6507 -0.6009 1.1457 32.1788 -1.5755 9.7273
Car -1 -1 -1.0843 169.6344 182.4603 287.9795 234.2784 1.4976 1.6378 3.9772 -11.8815 1.4191 22.7651 -1.5653 8.9620
Car -1 -1 -1.4188 406.9434 152.3453 498.8735 238.3869 2.2449 1.9134 4.9404 -4.4649 1.3884 21.2705 -1.6257 8.1264
Car -1 -1 -1.2095 274.9238 170.2185 376.0331 227.3931 1.5843 1.6132 3.7907 -8.4779 1.1698 21.8179 -1.5801 5.7598
Car -1 -1 -1.5385 495.5546 171.6691 527.6049 201.7900 1.5865 1.6386 3.9331 -5.3216 0.8741 39.8974 -1.6711 -0.0942
Car -1 -1 1.7062 382.9479 166.5881 408.4339 184.3895 1.4617 1.5971 3.6964 -18.0182 -0.0714 61.1505 1.4196 -0.7041
