Car -1 -1 -1.1423 27.1573 196.1127 279.5653 324.1248 1.4056 1.5672 3.6916 -6.1266 1.5897 10.1405 -1.6858 13.5181
Car -1 -1 -1.7268 583.6343 179.6245 676.8044 255.6989 1.6360 1.6570 3.7887 0.3845 1.5169 17.4438 -1.7048 12.7968
Car -1 -1 -1.3055 253.7186 188.4240 372.0639 258.0559 1.3949 1.5617 3.8136 -6.6798 1.4788 16.5649 -1.6888 11.8728
Car -1 -1 -1.5396 481.9720 179.8342 529.7926 225.5060 1.5701 1.6346 3.5168 -3.7435 1.3863 26.5462 -1.6797 11.5098
Car -1 -1 -1.3659 329.1283 182.9776 406.8777 230.6544 1.5022 1.6805 4.4572 -8.2399 1.4328 24.9555 -1.6848 10.4045
Car -1 -1 -1.4373 392.3975 184.3505 433.1440 213.5966 1.4132 1.5580 3.4233 -9.8902 1.3725 36.5312 -1.7017 6.4337
Car -1 -1 -1.0768 0.0000 154.8952 188.6015 246.9683 1.7063 1.7151 4.4096 -11.0689 1.1455 15.6109 -1.6935 5.5943
Car -1 -1 -1.3231 285.2359 168.1010 344.6512 203.2345 1.5839 1.6773 4.1578 -14.0293 0.8135 34.5782 -1.7086 5.3162
Car -1 -1 -1.2373 222.4165 182.4328 317.9890 233.1178 1.6176 1.6889 4.3602 -11.7221 1.5299 25.1933 -1.6728 5.1436
Car -1 -1 1.5736 531.0117 180.9671 552.1306 200.8012 1.5455 1.6410 4.0822 -5.3608 1.2156 58.1177 1.4816 3.6526
Car -1 -1 1.6920 376.1683 176.1865 402.8753 196.4577 1.5982 1.6305 3.8967 -17.8062 0.8874 58.7294 1.3976 3.5258
Car -1 -1 -1.4596 473.9446 183.2081 515.1338 216.4725 1.5544 1.5934 3.8753 -5.5764 1.4617 35.5580 -1.6152 2.8074
Car -1 -1 3.3214 370.9403 181.3792 445.6679 206.3041 1.5136 1.6143 4.2534 -12.3613 1.2817 44.6449 3.0513 1.2621
Car -1 -1 -1.5704 444.0331 179.0002 463.4565 196.8097 1.4466 1.5472 3.4521 -12.9172 0.9428 60.2340 -1.7817 0.8666
Car -1 -1 1.5418 630.7805 164.5844 655.0910 186.4675 1.4932 1.6043 3.8573 2.4428 0.0866 50.9908 1.5897 0.1642
