Car -1 -1 -1.0978 128.5314 195.9004 309.3050 277.9653 1.3697 1.5797 3.8734 -7.6209 1.6146 14.4477 -1.5832 14.4561
Car -1 -1 -1.4054 440.4430 185.1338 505.0477 226.8815 1.4478 1.6629 4.6194 -5.0527 1.4461 27.2499 -1.5887 10.6852
Car -1 -1 -1.5594 574.1980 182.4541 607.1411 213.5579 1.5608 1.6533 3.8034 -0.9132 1.4234 37.9818 -1.5835 8.7217
Car -1 -1 -1.4509 497.0416 165.0741 544.2150 210.9150 2.4857 2.0507 5.7405 -5.0054 1.3946 41.8464 -1.5700 7.4772
Car -1 -1 -1.2894 289.7031 179.6655 472.5385 307.6394 1.6822 1.6695 4.0688 -3.4139 1.6104 11.4861 -1.5783 6.8973
Car -1 -1 -1.3526 316.8208 185.7431 396.8401 238.6730 1.5721 1.6515 3.8932 -8.1035 1.5919 23.4157 -1.6858 5.8526
Car -1 -1 -1.3111 435.9842 183.7257 481.3867 211.0867 1.4921 1.6191 3.8199 -8.5029 1.4119 41.1494 -1.5149 4.9226
Car -1 -1 -1.0046 108.4873 192.0435 237.3567 247.1225 1.4422 1.5730 3.5342 -12.6217 1.6603 21.0490 -1.5447 4.4312
Car -1 -1 -1.1312 235.5865 184.2497 323.5150 228.8546 1.6583 1.6621 3.9653 -13.0293 1.6236 28.7160 -1.5571 3.7641
Car -1 -1 -1.2812 376.5590 180.9944 438.5132 216.2516 1.4634 1.5846 3.9256 -8.8122 1.2893 31.8103 -1.5514 2.0837
Car -1 -1 0.2184 450.6315 186.5377 493.9540 202.2397 1.4768 1.5617 3.8155 -12.9103 1.6056 68.5885 0.0324 1.2589
Car -1 -1 1.7413 370.6182 168.1309 400.0612 189.1143 1.5735 1.5836 3.6881 -17.2522 0.2935 55.8314 1.4416 1.0921
Car -1 -1 1.7762 421.2145 182.0244 450.9817 200.9557 1.4753 1.5925 3.8064 -13.8116 1.2277 57.9414 1.5422 0.1022
Car -1 -1 -1.4282 620.9225 184.1664 652.1732 206.8067 1.4642 1.5861 3.7848 1.9577 1.3974 48.4901 -1.3878 -0.6351
