Car -1 -1 -0.9676 0.0000 187.8036 175.9710 257.2590 1.4817 1.6304 4.2946 -12.7218 1.5542 17.6568 -1.5920 14.5551
Car -1 -1 -1.4129 456.2448 181.8185 519.2808 229.7136 1.5115 1.5708 3.5899 -4.0490 1.4054 24.4817 -1.5768 12.9473
Car -1 -1 -1.2952 267.5117 180.6824 477.2192 315.4097 1.5945 1.7141 4.6474 -3.2618 1.5420 10.8416 -1.5874 12.9382
Car -1 -1 -1.1397 193.4523 186.5490 335.2615 255.4051 1.4611 1.6132 3.7963 -8.0906 1.4978 17.2288 -1.5788 11.4731
Car -1 -1 -1.5550 564.9485 177.8975 607.7419 219.7165 1.5781 1.6150 3.3246 -0.8706 1.3030 28.7963 -1.5852 9.6783
Car -1 -1 -0.7722 0.0000 188.8826 85.5284 375.0000 1.5523 1.6802 4.4486 -7.6565 1.6013 7.1327 -1.5930 9.4162
Car -1 -1 -1.3267 370.3475 173.4218 433.1782 212.7624 1.5192 1.6090 3.8627 -8.4668 1.0649 29.7136 -1.6043 1.8814
Car -1 -1 -1.2491 417.3203 184.1374 474.1305 214.6787 1.4671 1.6203 4.0694 -8.2127 1.4165 36.6344 -1.4697 1.5169
Car -1 -1 -1.4559 508.1979 176.7964 549.9970 210.8599 1.6450 1.6687 4.0752 -3.9943 1.2396 36.7555 -1.5641 1.4106
Car -1 -1 -1.7040 637.6688 183.2836 693.8281 225.4815 1.4537 1.5805 3.7098 2.0412 1.3883 26.6574 -1.6276 0.6358
Car -1 -1 -1.7308 642.2484 179.9385 666.9997 197.2208 1.4768 1.5901 3.7838 4.0912 1.0270 63.3816 -1.6664 0.3783
Car -1 -1 -3.1970 632.0242 176.1752 697.7487 203.2678 1.5343 1.5996 3.7007 3.2365 1.0235 41.5480 -3.1193 -0.5320
