Car -1 -1 1.8747 252.8866 195.8307 424.6295 307.5153 1.4763 1.6051 3.9609 -4.4661 1.9349 12.3758 1.5284 14.5211
Car -1 -1 -1.8281 727.8156 174.6241 890.1324 289.3772 1.5571 1.5989 3.6038 2.9595 1.5905 11.6525 -1.5794 14.2095
Car -1 -1 -2.0230 802.9699 178.5310 1241.0000 374.0000 1.5536 1.6336 4.1172 2.7752 1.6139 5.5477 -1.5592 12.0714
Car -1 -1 -1.7200 682.6524 175.4553 761.3003 236.8487 1.5501 1.6049 3.8458 2.9991 1.6306 20.3026 -1.5734 11.0584
Car -1 -1 1.8045 374.2433 180.1532 478.3297 260.6763 1.7283 1.6283 3.8191 -4.4308 1.9277 17.7502 1.5599 10.9482
Car -1 -1 1.7699 437.2617 181.9528 513.1336 238.3345 1.6114 1.6317 4.0740 -4.2985 1.9318 23.3307 1.5877 9.7672
Car -1 -1 -1.7312 668.8117 174.6697 733.0531 224.0480 1.6545 1.6909 3.9987 3.1905 1.7263 26.3544 -1.6107 7.5237
Car -1 -1 -1.5751 630.2835 176.0035 652.1018 197.1760 1.5653 1.6311 4.0748 2.3845 1.8193 56.0247 -1.5326 3.7061
Car -1 -1 -1.6248 529.0380 182.1450 551.3944 201.4026 1.4466 1.5872 3.6942 -5.6625 2.2191 58.0193 -1.7221 1.8449
Car -1 -1 -1.6093 646.6409 180.0509 677.1624 207.4081 1.4549 1.5892 3.7536 2.8941 1.8859 41.2711 -1.5393 -0.7073
