Car -1 -1 -1.3322 393.6477 182.4555 482.8865 242.7602 1.4745 1.5451 3.5051 -4.4956 1.4081 19.3330 -1.5607 13.8844
Car -1 -1 -1.1267 59.8673 195.5353 377.4114 364.4097 1.4265 1.5974 3.8964 -4.0983 1.5745 8.2687 -1.5869 12.3370
Car -1 -1 -1.2967 347.4019 179.2008 417.5897 221.6654 1.5304 1.6340 3.7487 -8.6580 1.3147 27.7994 -1.5986 9.9546
Car -1 -1 -1.4199 458.9978 182.0427 513.1124 220.5482 1.4734 1.6071 3.9947 -4.9582 1.3531 29.5126 -1.5864 9.2364
Car -1 -1 -1.4339 497.1805 181.5095 535.1370 210.7102 1.5046 1.5659 3.5408 -4.9292 1.3147 38.8142 -1.5602 6.1232
Car -1 -1 -0.8464 0.0000 185.2598 97.6767 268.4222 1.4707 1.5950 4.0550 -12.7658 1.4729 14.7475 -1.5599 6.0024
Car -1 -1 -1.1416 187.5380 167.9140 296.7623 223.4159 1.7481 1.7323 4.2655 -12.4918 1.2043 24.8011 -1.6082 4.8075
Car -1 -1 -1.2894 339.8259 181.3323 393.4147 213.1459 1.5760 1.6198 3.9714 -12.5772 1.3847 37.6238 -1.6120 4.3621
Car -1 -1 -1.5969 578.7186 178.1937 610.0532 208.6467 1.5597 1.5841 3.3513 -0.7820 1.2012 38.5232 -1.6172 3.1520
Car -1 -1 -1.5861 628.8611 171.6467 650.7650 195.9775 2.0723 1.8569 4.9329 2.7935 0.9177 63.7145 -1.5423 0.6583
Car -1 -1 -1.3707 441.6677 174.3272 478.1730 197.9188 1.4807 1.5949 3.9240 -9.6560 0.7984 47.0792 -1.5730 0.3908
Car -1 -1 2.4178 0.0000 218.6058 237.9758 375.0000 1.4614 1.6036 3.7567 -4.2720 1.7627 4.5163 1.6602 0.1252
Car -1 -1 2.0654 169.6450 186.5603 318.5763 256.0912 1.4476 1.5837 3.6040 -8.3936 1.4837 16.8598 1.6034 -0.0340
Car -1 -1 -1.7405 668.8518 176.7763 705.2618 200.8353 1.5010 1.6609 4.2691 5.1122 0.9756 47.0250 -1.6322 -0.1794
