Car -1 -1 2.1429 37.5326 195.2473 340.2553 337.9304 1.4716 1.6370 4.2070 -5.6225 1.8578 10.2725 1.6421 13.7180
Car -1 -1 -1.7678 687.8527 174.2817 775.9351 234.5506 1.4382 1.5872 3.6993 3.0819 1.4802 19.1820 -1.6084 13.6284
Car -1 -1 -1.8955 751.1081 177.3455 964.1140 307.5232 1.5052 1.6269 4.0756 3.2663 1.5840 10.5388 -1.5949 12.7345
Car -1 -1 0.9412 898.1396 185.5019 1241.0000 374.0000 1.4850 1.5293 3.5711 3.3603 1.6009 4.7870 1.5533 11.2811
Car -1 -1 1.8165 409.3058 175.8424 480.0325 225.6664 1.6083 1.5985 3.5519 -5.7551 1.7208 25.2960 1.5928 11.1632
Car -1 -1 -1.7850 672.7971 172.5315 741.8257 221.5713 1.5375 1.5782 3.5749 3.1733 1.5278 24.4675 -1.6560 8.0678
Car -1 -1 1.7207 452.0658 178.3839 503.8751 215.3505 1.4378 1.6036 3.8442 -5.5689 1.6875 30.5880 1.5406 6.9498
Car -1 -1 -1.6641 671.4213 173.1963 717.9322 211.3252 1.4785 1.5585 3.7351 3.4062 1.4940 29.8929 -1.5506 2.6571
Car -1 -1 0.4710 133.0794 170.6819 273.7959 212.2033 1.4902 1.6719 4.2638 -15.0648 1.4126 26.8157 -0.0408 2.5371
Car -1 -1 2.0392 331.5659 160.5740 404.6874 193.0787 1.4691 1.6244 4.1916 -11.6059 0.9144 34.7995 1.7173 1.1815
Car -1 -1 -2.8786 621.1629 174.5365 676.3245 193.1499 1.5005 1.6418 4.2920 3.1961 1.6439 59.8733 -2.8253 1.0879
Car -1 -1 1.5334 807.9091 154.5129 829.0754 171.7310 1.4923 1.6711 4.2431 18.7549 -0.1045 65.0875 1.8139 -0.8060
