Car -1 -1 -1.1743 78.0730 189.0437 274.9515 275.0328 1.4207 1.6707 4.7250 -8.4391 1.5124 14.5421 -1.7001 13.6023
Car -1 -1 -1.6339 521.3406 179.7270 583.4496 233.9577 1.5673 1.6908 4.2504 -1.8988 1.4098 22.9966 -1.7163 10.9312
Car -1 -1 -1.4893 407.1653 180.5872 479.5910 242.3444 1.5430 1.6455 3.9041 -4.5164 1.4285 20.0048 -1.7113 10.7901
Car -1 -1 -1.3262 292.2889 185.7230 368.2645 229.0892 1.4287 1.5915 4.1382 -9.9170 1.4496 25.8794 -1.6921 10.2431
Car -1 -1 -1.0751 0.0000 186.2928 168.9319 262.6923 1.5495 1.6559 4.0292 -12.1105 1.5789 16.7405 -1.7013 9.2354
Car -1 -1 -1.3698 349.5019 183.1314 399.5965 214.5698 1.4389 1.5774 3.8436 -11.2846 1.3446 34.8950 -1.6826 8.5934
Car -1 -1 -1.2440 261.2598 185.5894 318.9925 215.1237 1.4391 1.5895 3.7830 -16.3147 1.4605 37.0270 -1.6590 4.5034
Car -1 -1 -1.1668 151.0663 165.0041 259.0964 220.0480 1.7998 1.7615 4.4648 -14.3272 1.1401 25.8123 -1.6735 3.7617
Car -1 -1 -1.3573 367.0042 181.2173 408.6492 206.9216 1.4553 1.5963 3.7939 -13.0205 1.2301 42.6534 -1.6536 3.6153
Car -1 -1 -1.5348 507.8243 180.7208 528.4058 198.8366 1.4451 1.5589 3.4546 -7.3619 1.0877 59.1295 -1.6587 3.0057
Car -1 -1 1.8931 321.1170 171.3946 364.2526 194.2135 1.4689 1.5517 3.9344 -17.7599 0.5804 48.2618 1.5405 0.2551
