Car -1 -1 -1.9761 834.1247 184.4586 1122.9926 356.4085 1.4891 1.5745 3.5566 3.8197 1.6517 8.2873 -1.5442 15.1935
Car -1 -1 -1.8229 754.5889 180.2395 887.7157 273.3623 1.5159 1.5546 3.6094 3.8346 1.6766 13.8495 -1.5528 13.1819
Car -1 -1 -1.7780 712.2068 182.1112 806.8238 246.4435 1.4638 1.5990 4.1307 3.7728 1.7357 19.0869 -1.5829 12.5647
Car -1 -1 1.9260 265.5268 190.0345 430.2583 289.0691 1.4628 1.5800 3.8301 -4.6499 1.8247 13.2525 1.5885 12.1490
Car -1 -1 1.8393 383.7167 185.4714 484.3729 250.9134 1.4691 1.5903 3.8246 -4.5215 1.8335 18.8795 1.6042 10.6843
Car -1 -1 1.7830 438.6733 184.2608 512.7960 232.9742 1.4248 1.5979 4.1510 -4.4403 1.8407 24.1831 1.6014 10.0783
Car -1 -1 1.7427 523.1090 179.8997 560.6029 206.9402 1.4054 1.5291 3.3343 -3.7826 1.8143 40.1160 1.6487 9.8104
Car -1 -1 -1.7042 691.9143 177.6883 742.7435 219.7980 1.6036 1.5899 3.6141 4.3137 1.8152 29.7070 -1.5600 6.3562
Car -1 -1 -1.7326 697.5422 178.3092 764.2947 230.5040 1.5885 1.6099 3.7260 3.9264 1.7860 24.2094 -1.5718 6.3260
Car -1 -1 2.0079 287.3913 157.9896 364.6393 194.2261 1.4716 1.6369 3.8519 -12.2507 0.8683 31.2742 1.6345 3.4564
Car -1 -1 1.6515 537.1017 179.0357 568.0799 204.4479 1.4789 1.6113 3.9494 -3.5647 1.8811 44.9243 1.5723 1.2505
