Car -1 -1 -1.4024 376.5987 181.0102 479.2523 262.7737 1.6008 1.6037 3.6787 -3.9064 1.5196 15.9619 -1.6424 13.5850
Car -1 -1 -1.2466 226.3857 187.5410 340.8077 243.7296 1.3760 1.6242 4.2092 -8.8700 1.4487 19.9513 -1.6650 13.4048
Car -1 -1 -1.0724 62.1649 163.4471 221.3970 244.0109 2.0820 1.8420 4.7377 -13.3901 1.5206 21.0005 -1.6400 11.7496
Car -1 -1 -1.5928 534.4141 175.1178 585.4974 225.6586 1.6345 1.6544 3.5705 -1.7534 1.3090 25.0973 -1.6625 11.4918
Car -1 -1 -0.9610 0.0000 195.5836 135.7884 360.3576 1.4673 1.6285 4.1472 -7.8292 1.6268 8.8225 -1.6868 10.3980
Car -1 -1 -1.3356 330.7553 183.2053 394.6893 222.0439 1.4695 1.6025 3.8471 -9.8980 1.3946 29.1846 -1.6626 9.9528
Car -1 -1 -1.3003 313.9994 180.5228 359.4276 205.9756 1.4296 1.5820 3.6503 -15.9033 1.1672 42.2618 -1.6602 4.6787
Car -1 -1 -1.4277 413.7297 185.0845 478.4366 234.3390 1.5104 1.5833 3.7515 -5.3463 1.5075 23.9710 -1.6471 3.1258
Car -1 -1 -1.4345 586.7901 165.7718 617.6342 189.0846 1.5341 1.6035 3.8992 -0.3625 0.2557 49.3377 -1.4418 0.1098
Car -1 -1 -1.4509 407.9646 166.5832 443.1326 193.3267 1.5479 1.6181 3.8812 -11.0360 0.4706 43.6302 -1.6987 -0.1464
