Car -1 -1 -1.7541 699.3292 183.2840 806.5736 269.6079 1.4832 1.5093 3.1607 2.6765 1.7140 14.3578 -1.5698 12.7803
Car -1 -1 -1.3212 390.2670 184.8366 492.0115 257.6971 1.6953 1.6947 4.1844 -4.4879 2.0562 19.5931 -1.5464 12.1708
Car -1 -1 -1.2183 213.9215 203.2726 408.1621 333.9008 1.4541 1.5205 3.3325 -4.1782 1.9683 10.4999 -1.5970 11.7601
Car -1 -1 1.7273 481.5215 184.1215 528.4593 223.4155 1.6664 1.5892 3.8122 -4.8696 2.2216 33.6107 1.5834 10.6971
Car -1 -1 -2.1791 867.6109 187.2487 1241.0000 374.0000 1.5380 1.5415 3.5995 2.8370 1.6566 4.1200 -1.5760 9.9764
Car -1 -1 -1.6636 654.0693 176.7574 700.5563 219.0754 1.6441 1.6062 3.4174 2.7078 1.8164 30.0569 -1.5737 9.7963
Car -1 -1 1.7161 547.6565 183.5105 571.6610 200.3859 1.4773 1.6635 4.2554 -4.7359 2.5158 68.1062 1.6466 5.7182
Car -1 -1 1.8473 401.3933 155.2884 461.0986 191.3912 1.5545 1.6290 3.9895 -8.1559 0.7985 33.0866 1.6056 3.8148
Car -1 -1 1.7020 518.9919 185.8169 549.5775 209.3277 1.4739 1.5934 3.8235 -5.1628 2.3947 49.2949 1.5976 1.9271
Car -1 -1 -1.5817 681.0989 160.3205 701.2478 179.0096 1.4739 1.5813 3.6318 6.5662 0.4858 58.7866 -1.4705 1.0097
Car -1 -1 -1.4575 692.8749 178.7615 724.0244 203.0782 1.5260 1.6120 4.2440 6.6456 1.9430 48.6297 -1.3216 0.3924
Car -1 -1 -1.3959 630.9725 179.5689 654.9127 195.8349 1.4943 1.6430 4.0947 3.2210 2.1688 70.2567 -1.3501 -0.6797
