Car -1 -1 -1.3534 322.2139 184.6908 470.6652 292.4440 1.5244 1.5927 3.7262 -3.4034 1.5181 12.0715 -1.6282 14.8192
Car -1 -1 -1.0929 81.5587 190.5348 284.6795 276.4813 1.3935 1.6179 4.2399 -8.0585 1.5147 14.0701 -1.6130 14.3170
Car -1 -1 -1.5434 551.5479 176.6038 596.2599 220.2169 1.5762 1.6157 3.5800 -1.2978 1.2661 27.7813 -1.5901 11.5685
Car -1 -1 -1.3973 408.5433 183.5696 483.1327 241.7942 1.4949 1.4920 3.2686 -4.4904 1.4538 20.1199 -1.6169 8.3131
Car -1 -1 -1.2746 295.8667 183.8210 383.5869 232.6472 1.4753 1.6118 4.0031 -8.7775 1.4343 23.7613 -1.6284 7.4013
Car -1 -1 -0.9490 0.0000 161.7573 150.1492 266.3626 2.0145 1.7830 4.5043 -12.5691 1.5639 16.1265 -1.6111 6.8711
Car -1 -1 -1.1847 199.3391 183.4281 286.0547 225.8426 1.4785 1.5789 3.8250 -13.6458 1.4173 27.0246 -1.6523 4.7576
Car -1 -1 3.3636 376.6074 167.3973 460.9637 198.1747 1.5436 1.6428 3.9283 -9.6902 0.6511 36.9387 3.1071 1.2224
Car -1 -1 -1.2524 301.1676 178.5097 357.8743 209.5434 1.5081 1.6150 3.7590 -14.2182 1.1833 36.8458 -1.6207 0.6741
Car -1 -1 1.8087 391.2000 173.1144 425.8612 194.4119 1.4646 1.5315 3.8187 -14.2094 0.6335 51.3645 1.5388 -0.7340
Car -1 -1 0.2589 644.0114 167.8784 778.0146 221.2220 1.6683 1.6576 4.1533 3.4098 1.1272 24.0500 0.3997 -0.8236
