Car -1 -1 -1.2413 253.1735 185.2496 435.2055 288.1405 1.4835 1.6406 4.2190 -4.3584 1.4853 12.4769 -1.5773 14.4014
Car -1 -1 -1.0491 119.4753 181.3832 257.6348 234.3611 1.4169 1.6078 4.2965 -12.3011 1.3155 21.3705 -1.5714 12.8269
Car -1 -1 -1.5556 595.8476 177.4342 673.7876 251.6587 1.5872 1.6703 4.1101 0.6362 1.4220 17.4640 -1.5192 11.3186
Car -1 -1 -0.8926 0.0000 189.7993 155.3150 326.7858 1.4799 1.5517 3.8808 -8.2218 1.5563 9.8466 -1.5883 10.8713
Car -1 -1 2.2065 14.2718 176.6309 97.9811 207.0926 1.5694 1.6177 3.8727 -29.8323 1.1282 38.9819 1.5533 10.7388
Car -1 -1 -0.7746 0.0000 201.5646 183.6069 375.0000 1.4598 1.5408 3.7921 -4.4321 1.6007 4.2404 -1.5821 8.6363
Car -1 -1 -1.2050 253.9226 164.9257 346.4221 219.8956 2.0014 1.8305 4.6290 -12.0893 1.2638 28.5149 -1.6060 6.2996
Car -1 -1 -1.5365 645.5371 181.1195 675.8497 209.2559 1.4887 1.5588 3.5102 2.9419 1.2731 39.8592 -1.4628 3.8253
Car -1 -1 0.1112 614.8432 166.1221 655.9450 182.2129 1.4508 1.5337 3.6368 2.5522 -0.2798 66.2244 0.1497 2.3320
Car -1 -1 -1.3798 413.1385 176.2392 505.7068 239.8554 1.6260 1.7328 4.7247 -4.1712 1.3977 20.7383 -1.5783 1.8677
Car -1 -1 -1.4243 702.5949 182.1781 728.3747 200.5115 1.5541 1.6492 4.1833 9.4891 1.2977 63.1741 -1.2752 1.7622
Car -1 -1 0.0057 488.0790 167.5112 531.6757 184.1480 1.5060 1.6117 3.9342 -9.0183 -0.0988 66.2571 -0.1296 0.0382
