Car -1 -1 2.0945 88.1152 170.0364 257.2069 255.7554 2.0861 1.8405 4.7586 -11.8599 2.0179 19.9477 1.5581 9.8929
Car -1 -1 1.7582 424.1918 170.7250 470.2781 205.3441 1.8657 1.7545 4.5111 -9.2486 1.7513 41.1656 1.5372 5.2842
Car -1 -1 2.4045 0.0000 189.2595 54.2812 374.0000 1.6461 1.6784 4.4189 -8.6187 1.8745 7.8193 1.5705 4.4547
Car -1 -1 -1.5726 589.3489 173.6917 615.6868 200.3697 1.7156 1.6989 4.2041 -0.5411 1.7749 48.6435 -1.5837 3.9748
Car -1 -1 1.8190 391.5329 181.8059 458.0508 223.9545 1.4772 1.6057 3.8399 -7.1480 1.8491 28.0230 1.5693 1.9980
Car -1 -1 1.1243 938.0345 146.8349 982.2555 166.7964 1.4712 1.5543 3.9351 27.2573 -0.4892 56.3428 1.5749 1.4296
Car -1 -1 2.2674 0.0000 185.1240 162.9462 374.0000 1.6013 1.6797 4.0574 -6.9672 1.7700 7.8448 1.5411 0.9204
Car -1 -1 1.7660 427.8943 175.2143 478.8704 210.2967 1.5132 1.6035 3.7244 -7.1906 1.6284 33.2474 1.5530 0.1533
Car -1 -1 1.7250 472.7155 175.4377 506.5411 201.0359 1.5386 1.5765 3.5724 -7.5847 1.7084 45.5218 1.5599 0.1465
Car -1 -1 1.8451 347.0166 180.0517 434.7994 233.7416 1.5507 1.6607 4.1653 -7.0533 1.8064 23.4961 1.5534 -0.1323
Car -1 -1 -0.0400 1037.4848 131.5127 1209.7726 188.1242 1.6151 1.6915 4.2306 15.7433 0.4360 22.4388 0.5718 -0.7144
Car -1 -1 3.1807 106.8944 157.8122 174.9316 180.0194 1.4828 1.5789 3.8829 -32.3590 0.4788 49.8470 2.6050 -0.7671
