Car -1 -1 -1.0530 0.0000 192.3280 238.7611 297.8723 1.3927 1.6215 4.2316 -7.9540 1.5335 11.9413 -1.6406 13.8734
Car -1 -1 -1.3209 278.3367 181.4604 461.4845 311.0069 1.5623 1.6225 3.8207 -3.3169 1.5182 10.6162 -1.6238 12.9595
Car -1 -1 -1.1385 173.8198 181.7830 277.4427 226.8753 1.4504 1.5915 4.2070 -13.3154 1.3411 25.2603 -1.6236 11.7032
Car -1 -1 -1.5546 557.8688 176.4560 601.2314 217.7645 1.5534 1.6307 3.6048 -1.1416 1.2251 28.8490 -1.5941 11.6861
Car -1 -1 -1.3898 395.7522 185.9276 482.1772 247.2107 1.4255 1.5577 3.5103 -4.2941 1.4468 18.5488 -1.6173 10.5435
Car -1 -1 -1.2358 271.7355 183.0339 371.5205 236.7833 1.4724 1.6160 3.8187 -8.5189 1.4138 21.6292 -1.6110 5.8445
Car -1 -1 -1.3628 398.4734 158.8142 449.6504 194.6958 1.6799 1.6831 3.9334 -9.0720 0.4450 35.6513 -1.6120 4.5210
Car -1 -1 2.2484 0.0000 154.4190 76.5305 257.8111 1.6760 1.6989 4.0178 -12.4266 1.1779 13.7047 1.5119 2.9894
Car -1 -1 1.8820 384.0195 174.2289 425.7710 196.6869 1.4770 1.5889 4.0703 -13.8872 0.7556 49.3378 1.6076 1.6014
Car -1 -1 -1.3365 338.2513 173.7763 401.8515 212.5757 1.4604 1.5928 3.8203 -9.5487 1.0310 29.0240 -1.6543 0.8321
