Car -1 -1 -0.9914 0.0000 187.9994 240.9709 306.2470 1.5137 1.5762 4.0073 -7.6099 1.5664 11.3066 -1.5838 13.9222
Car -1 -1 -1.5792 565.1157 180.3902 619.3701 232.6626 1.5723 1.6337 3.7162 -0.5697 1.4283 23.5023 -1.6034 12.6646
Car -1 -1 -1.3030 276.8344 177.3887 475.5739 310.5628 1.6118 1.7031 4.3413 -3.2565 1.5182 10.8862 -1.5936 11.9072
Car -1 -1 -0.8386 0.0000 210.9211 281.1047 375.0000 1.4602 1.6021 4.0864 -3.1079 1.6471 3.1084 -1.6239 10.3566
Car -1 -1 -1.4654 478.3722 180.5065 542.5369 229.8635 1.5239 1.6971 4.4413 -3.2483 1.3796 24.4328 -1.5976 9.8017
Car -1 -1 -1.2311 271.2157 183.8018 341.0614 221.3589 1.4732 1.5861 3.5826 -12.5479 1.4189 30.0274 -1.6269 7.8642
Car -1 -1 -1.3529 418.8174 183.1547 467.4230 214.0010 1.4701 1.5890 3.8582 -8.2556 1.3730 36.1905 -1.5772 6.8924
Car -1 -1 -1.4107 463.7995 178.8045 496.3666 202.2408 1.5506 1.6237 3.7967 -8.7643 1.1275 49.4676 -1.5860 5.1044
Car -1 -1 2.0955 80.0088 186.6204 229.5899 248.4607 1.4955 1.6382 3.9962 -12.1210 1.5387 19.4958 1.5392 3.5061
Car -1 -1 1.8130 386.6176 174.6042 427.9683 198.8720 1.4657 1.6193 3.9391 -12.6296 0.8259 45.4039 1.5417 2.0391
Car -1 -1 1.9454 292.1630 178.3215 395.1844 239.7613 1.7102 1.6580 3.8293 -7.9692 1.5194 21.9418 1.5970 1.5402
Car -1 -1 -1.4919 508.3986 182.7260 544.8857 212.4167 1.4645 1.5981 3.6908 -4.1952 1.3428 37.3241 -1.6038 1.4797
Car -1 -1 -1.5949 648.3506 179.3365 667.6552 197.2077 1.5287 1.6029 3.7917 4.3968 1.0269 63.4167 -1.5257 -0.1432
