Car -1 -1 -1.3503 373.9688 189.9865 480.5002 257.0686 1.3936 1.5894 4.2336 -4.2500 1.5241 17.3648 -1.5903 13.6959
Car -1 -1 -1.3916 463.4105 182.8813 517.9028 221.7039 1.4483 1.5367 3.5155 -4.6285 1.3623 28.5850 -1.5522 10.6613
Car -1 -1 -1.5625 578.7654 178.7599 609.1684 207.2793 1.5229 1.6237 3.7495 -0.7872 1.1793 40.2666 -1.5820 8.0412
Car -1 -1 -1.3114 336.0143 187.1206 406.6036 229.4095 1.4291 1.5849 3.5789 -8.5968 1.5048 26.2863 -1.6275 7.7421
Car -1 -1 -1.1723 212.0518 183.2290 343.3729 251.1893 1.5758 1.6606 4.0145 -8.4439 1.5309 18.6923 -1.5966 6.7913
Car -1 -1 -1.3748 412.8027 178.3210 458.7975 209.4564 1.5297 1.6228 3.7182 -8.8703 1.1921 37.2022 -1.6089 4.8050
Car -1 -1 -1.2640 391.3591 178.2683 433.6186 201.4658 1.4492 1.5816 3.8102 -12.6930 1.0163 46.8412 -1.5286 3.7812
Car -1 -1 1.7302 488.0533 178.7777 532.3676 210.9088 1.6372 1.6819 4.5040 -5.2394 1.3103 38.8967 1.5963 3.0441
Car -1 -1 1.6245 518.6247 178.4017 545.7038 202.1551 1.5186 1.5922 3.8643 -5.0251 1.0841 47.9235 1.5201 2.7215
Car -1 -1 3.5079 259.4704 174.0792 359.0012 209.4991 1.5654 1.6306 3.8456 -13.5277 1.0744 32.6333 3.1150 1.4165
Car -1 -1 0.2467 403.0966 177.2627 475.0037 201.6764 1.4837 1.5790 4.0733 -10.4331 1.0015 44.5058 0.0164 -0.6747
Car -1 -1 -1.2439 420.7456 166.9807 448.9825 182.4988 1.4644 1.5831 3.7126 -16.9091 -0.2723 70.4268 -1.4795 -0.7831
