Car -1 -1 -1.8628 735.2356 174.7547 935.9764 318.0967 1.6960 1.6728 3.8237 2.9700 1.7292 10.5111 -1.5874 13.0038
Car -1 -1 0.3463 266.1307 178.9391 459.4744 247.2806 1.5391 1.6203 4.0645 -5.8556 1.6921 17.2467 0.0190 10.1881
Car -1 -1 -2.2760 701.1833 176.0791 770.0249 208.2072 1.4904 1.5164 3.3851 6.1226 1.6585 35.6805 -2.1061 10.0209
Car -1 -1 -1.7350 623.0145 177.7522 653.8890 200.1634 1.4154 1.5331 3.2781 1.8313 1.7536 48.0417 -1.6969 8.4011
Car -1 -1 3.3905 362.4653 175.6721 469.9695 216.9754 1.4841 1.5418 3.5919 -7.1895 1.5923 26.8255 3.1286 5.9910
Car -1 -1 3.6104 74.7310 174.1806 349.6779 276.0057 1.6114 1.6082 3.7890 -6.6692 1.6360 12.2955 3.1134 3.9583
Car -1 -1 -2.8719 381.7014 179.2301 487.0752 216.6991 1.4431 1.5903 3.8210 -7.0311 1.7068 28.9331 -3.1103 2.8327
Car -1 -1 -2.7515 279.0056 178.7486 437.6783 237.4685 1.5089 1.5991 3.7492 -6.8162 1.6769 19.6217 -3.0858 2.7115
Car -1 -1 1.5197 688.8326 149.5411 719.1779 175.4185 1.5336 1.6578 4.0110 5.7642 0.1523 44.8224 1.6476 1.5267
Car -1 -1 3.3092 404.2195 164.1039 510.6551 209.3703 1.9060 1.7555 4.2912 -6.5972 1.5380 31.3418 3.1018 0.8771
Car -1 -1 3.3851 171.6103 172.7070 390.4841 261.7787 1.6612 1.6240 3.7417 -6.5297 1.6588 14.5837 2.9641 -0.0828
Car -1 -1 3.2783 468.0501 175.7853 526.9538 197.4312 1.4825 1.6122 3.8898 -7.8662 1.6914 50.4834 3.1238 -0.4173
