Car -1 -1 1.8256 391.0028 158.2902 534.2445 280.8736 2.2077 1.8580 4.5921 -2.7722 1.7910 15.2943 1.6463 9.1092
Car -1 -1 1.6986 488.6914 172.3360 565.6244 243.3527 1.9297 1.7587 4.4096 -2.1603 1.6819 21.7459 1.5996 6.8470
Car -1 -1 -1.6311 659.2117 178.0852 686.3064 203.1741 1.6967 1.6612 3.8307 4.9936 1.4664 50.5212 -1.5326 4.7343
Car -1 -1 -1.5451 584.7665 183.1019 606.1071 202.7270 1.4469 1.5469 3.5250 -0.4132 1.5741 55.0236 -1.5527 3.6788
Car -1 -1 2.1311 0.0000 195.7495 156.2000 298.8423 1.5419 1.5918 3.5966 -9.9569 1.8404 13.1174 1.4818 1.7105
Car -1 -1 -1.6764 668.3680 177.4562 711.9549 213.6400 1.6221 1.6421 3.9062 4.1507 1.4418 34.1658 -1.5555 1.5942
Car -1 -1 -1.5073 540.3413 161.9997 562.0925 180.4985 1.4507 1.5442 3.4906 -4.0224 -0.0832 58.2721 -1.5763 1.2730
Car -1 -1 -0.9791 72.5082 143.0241 202.8485 193.2669 1.4658 1.5783 3.9067 -14.6529 0.3444 22.9250 -1.5478 0.9436
Car -1 -1 3.2509 471.7123 158.7591 555.5781 194.4370 1.6117 1.6183 3.7032 -4.0300 0.5853 33.2765 3.1304 -0.0060
Car -1 -1 2.0378 214.0413 184.8217 347.6428 250.8188 1.5640 1.6520 3.9555 -8.4413 1.6635 19.2425 1.6244 -0.4443
Car -1 -1 -1.5623 637.3455 193.8140 659.1031 215.1402 1.4806 1.5794 3.9320 3.5649 2.4452 54.2166 -1.4967 -0.7979
Car -1 -1 -1.6454 668.9825 181.5767 704.2581 210.5869 1.5810 1.6839 4.3893 4.8537 1.5864 41.3844 -1.5286 -0.8161
