Car -1 -1 -1.3734 436.5326 182.7039 501.6338 227.1549 1.4135 1.5492 3.3807 -4.7014 1.3348 24.5517 -1.5626 13.8631
Car -1 -1 -1.5849 578.9364 170.4413 653.3774 246.2626 1.6779 1.6481 3.4544 0.1268 1.3521 17.6373 -1.5777 12.5497
Car -1 -1 -1.2220 270.9466 174.6197 441.2711 289.8571 1.7192 1.6374 3.6266 -4.2332 1.5622 12.5527 -1.5473 12.0703
Car -1 -1 -1.0563 72.6668 185.1591 281.5965 276.3438 1.5739 1.6896 4.3241 -8.4667 1.5740 14.5758 -1.5825 11.6848
Car -1 -1 -1.4292 485.8499 177.0581 534.4198 213.1031 1.5330 1.6243 4.0754 -4.3952 1.1872 32.6133 -1.5632 7.5072
Car -1 -1 -1.1860 239.7802 184.6287 319.4822 225.4640 1.5187 1.6165 3.6900 -12.9934 1.4980 28.6079 -1.6124 6.9716
Car -1 -1 -1.2867 358.8148 180.0779 428.6749 222.4046 1.5447 1.6059 3.8482 -8.3281 1.3583 28.1575 -1.5743 6.1058
Car -1 -1 -1.0089 128.7724 181.5419 258.9546 234.2333 1.4557 1.5928 3.8875 -12.4433 1.3554 21.8334 -1.5269 4.1689
Car -1 -1 -1.3463 404.0259 172.2264 445.8228 198.5699 1.6860 1.7363 4.6336 -12.2497 0.8558 48.3399 -1.5945 3.5821
Car -1 -1 -1.1871 693.7641 165.1135 726.9014 182.6652 1.4494 1.5754 3.6479 8.8501 -0.2255 61.9069 -1.0451 1.4155
Car -1 -1 1.5445 639.8378 182.3027 662.5816 202.1992 1.4762 1.6363 4.0666 3.2993 1.2612 55.3891 1.6040 0.5785
Car -1 -1 1.7815 548.6502 185.2143 582.0414 207.1640 1.4770 1.5723 3.8251 -2.9517 1.4780 50.3781 1.7230 0.2896
