Car -1 -1 -1.7497 681.6135 182.9894 769.2885 248.0276 1.4613 1.5828 3.6441 2.8233 1.7493 18.6281 -1.5993 14.3876
Car -1 -1 -2.0037 793.0206 190.2089 1193.8408 374.0000 1.5320 1.6092 3.7461 2.9137 1.7355 6.5581 -1.5856 13.1480
Car -1 -1 -1.6458 653.8362 175.7166 702.3629 220.5057 1.7091 1.6924 3.8076 2.6964 1.8348 29.6915 -1.5552 11.2190
Car -1 -1 -2.5057 0.0000 168.0313 309.6387 308.1469 1.6778 1.6890 4.2723 -6.5191 1.6204 9.5612 -3.1041 11.1693
Car -1 -1 0.4435 238.1777 175.9647 438.2997 244.1929 1.5327 1.6180 4.1992 -6.4717 1.6118 17.2801 0.0851 10.7603
Car -1 -1 0.7060 0.0000 163.5502 208.1443 370.6419 1.6844 1.6693 4.0268 -6.3260 1.6091 6.7885 -0.0441 10.3908
Car -1 -1 3.4216 322.8116 167.5647 476.1717 230.9520 1.8666 1.7400 4.1963 -6.4074 1.7112 22.1188 3.1397 8.4307
Car -1 -1 0.2326 385.5523 177.8735 500.8563 221.7557 1.5884 1.6272 3.9562 -6.2511 1.7832 27.1286 0.0061 4.7804
Car -1 -1 -2.5952 57.1229 178.4468 333.3605 277.2365 1.5263 1.5855 3.7382 -6.8627 1.6270 12.0899 -3.1115 4.1833
Car -1 -1 3.2743 417.5441 177.3542 511.5109 217.0736 1.5740 1.5933 3.6148 -5.9730 1.7654 29.7111 3.0759 1.7754
Car -1 -1 -1.7348 635.0271 178.2078 671.2817 205.6640 1.6066 1.6411 3.8599 2.6136 1.9558 45.0065 -1.6768 1.7634
Car -1 -1 1.9373 308.6134 158.3949 357.0642 183.1364 1.5459 1.6294 3.9907 -18.0485 0.6428 47.0767 1.5712 0.3104
Car -1 -1 3.2332 479.9204 165.6156 539.2160 187.7780 1.4573 1.5880 3.8050 -6.7206 0.9817 48.3230 3.0950 0.2788
Car -1 -1 1.7030 541.0286 178.8187 568.6810 198.9168 1.4993 1.6444 4.2516 -4.3630 1.9911 57.2799 1.6270 -0.7165
