Car -1 -1 -1.4097 435.0841 187.2633 507.5746 236.9965 1.4728 1.6566 4.3820 -4.4240 1.5477 23.6761 -1.5944 11.4350
Car -1 -1 -1.0113 29.7953 191.3468 266.3790 292.1511 1.5114 1.6679 4.1013 -8.0794 1.6416 13.0799 -1.5646 9.5715
Car -1 -1 -1.5662 574.7470 183.5695 605.0127 210.8869 1.4884 1.6493 3.9717 -1.0446 1.3999 41.1666 -1.5916 8.0908
Car -1 -1 -0.8114 0.0000 194.1545 42.9745 311.4996 1.4910 1.5846 3.9342 -11.3297 1.6589 11.4168 -1.5929 3.6028
Car -1 -1 -0.7451 0.0000 198.1186 65.4849 375.0000 1.5164 1.7185 4.7911 -7.8031 1.6832 6.8024 -1.5989 3.5767
Car -1 -1 -1.4179 480.2127 183.7443 524.3597 216.5547 1.5059 1.5814 3.6325 -5.0854 1.4395 34.8129 -1.5629 2.8979
Car -1 -1 -1.2380 165.2851 107.6299 433.0224 320.9685 2.5321 2.0252 5.5424 -4.3961 1.6124 11.3353 -1.6080 1.7346
Car -1 -1 -1.4694 502.6328 182.5933 535.0053 207.7317 1.4990 1.6146 3.9525 -5.5300 1.3438 44.8558 -1.5921 1.3724
Car -1 -1 -1.2786 385.7919 185.4974 445.3896 220.1688 1.4914 1.5664 3.9502 -8.7625 1.5062 32.9498 -1.5385 0.6129
Car -1 -1 3.3574 392.1820 176.9959 462.7080 202.8090 1.4945 1.5917 3.7898 -10.6381 1.0197 42.4680 3.1120 0.4418
Car -1 -1 1.6284 519.4969 180.5575 544.5000 201.7005 1.5291 1.6435 3.9897 -5.6751 1.1933 54.0152 1.5237 -0.4774
