Car -1 -1 -1.2243 233.2877 188.5506 450.1319 320.4874 1.5009 1.5970 3.9359 -3.5523 1.5588 10.2520 -1.5578 13.8254
Car -1 -1 -0.9077 0.0000 180.6716 179.8057 333.1228 1.6181 1.6119 3.9940 -7.7609 1.5710 9.6351 -1.5858 11.4259
Car -1 -1 -1.5657 585.1837 178.7039 623.1480 214.5017 1.5797 1.6754 3.8928 -0.1948 1.2935 33.6659 -1.5714 10.5082
Car -1 -1 -1.2928 363.9727 186.0540 437.3652 228.7473 1.4215 1.5702 3.7366 -7.3988 1.4550 25.8730 -1.5713 8.2635
Car -1 -1 -1.3623 430.7674 182.4516 478.5299 214.2186 1.5122 1.6013 3.7679 -7.6590 1.3818 36.1013 -1.5714 8.0179
Car -1 -1 -1.4212 463.8000 178.6572 537.6508 234.2939 1.5869 1.6689 4.3282 -3.3068 1.4010 22.6681 -1.5661 6.7475
Car -1 -1 2.1282 75.1931 181.0028 230.1974 247.4170 1.5237 1.5900 3.7544 -11.4723 1.4282 18.3669 1.5699 6.2980
Car -1 -1 -1.0697 197.8185 188.1361 340.7369 260.3450 1.4514 1.5349 3.2693 -7.5498 1.5255 16.2638 -1.5043 5.2072
Car -1 -1 1.9132 330.7324 173.3140 395.1548 206.7634 1.5739 1.6708 4.4117 -12.2086 1.0150 36.0405 1.5866 5.1564
Car -1 -1 1.9702 207.8758 171.9643 241.2489 188.3033 1.5776 1.5851 3.7655 -37.9942 0.2992 71.3489 1.4809 -0.3515
