Car -1 -1 -1.1078 99.6724 184.4616 352.9087 312.9470 1.4817 1.5910 3.7868 -5.1233 1.4742 10.1822 -1.5739 14.0991
Car -1 -1 -1.5686 574.1593 174.4835 613.9766 212.7848 1.5807 1.6438 3.7313 -0.6350 1.1389 31.5439 -1.5888 10.4347
Car -1 -1 -1.2571 321.8630 183.0216 398.3945 225.1071 1.4033 1.5336 3.6866 -8.8369 1.3313 25.8210 -1.5869 9.9801
Car -1 -1 -1.3387 409.2432 145.2273 514.3414 234.5480 2.4636 2.0065 5.4665 -4.4337 1.3618 22.5934 -1.5325 9.0558
Car -1 -1 -1.1526 220.3824 168.6640 353.7197 244.3394 1.7947 1.6876 4.1375 -8.3842 1.4033 19.1177 -1.5659 8.1519
Car -1 -1 -0.8537 0.0000 184.8199 127.1321 322.7345 1.5479 1.5787 3.9086 -8.8421 1.5446 10.0230 -1.5766 8.1244
Car -1 -1 -1.0238 107.3537 183.5353 243.8616 241.4806 1.4675 1.5927 3.6375 -11.9148 1.4261 20.0283 -1.5605 6.6854
Car -1 -1 1.8902 371.5068 164.1270 406.2066 183.0338 1.4721 1.5500 3.9047 -17.7495 -0.1821 58.3913 1.5951 2.5379
Car -1 -1 -1.3503 373.7158 147.6429 488.2883 243.6598 2.1556 1.8656 4.6247 -4.4000 1.3132 18.4594 -1.5843 2.1041
Car -1 -1 -1.6745 667.1311 170.5886 697.4347 194.1586 1.5474 1.6383 4.1304 5.0422 0.5882 49.2568 -1.5725 0.3456
Car -1 -1 -1.4960 531.5573 169.1405 557.1773 193.1534 1.9620 1.8054 5.0326 -5.3691 0.6497 61.2592 -1.5834 0.2632
Car -1 -1 0.2220 364.4956 171.5385 442.2674 198.4043 1.5018 1.6176 4.0208 -11.6635 0.7384 41.0978 -0.0545 -0.7136
