Car -1 -1 -1.3623 409.0394 184.1557 489.9482 238.3381 1.4250 1.5594 3.6002 -4.5018 1.3983 20.7069 -1.5764 13.4327
Car -1 -1 -1.1815 153.6882 193.4599 408.6444 332.0593 1.4290 1.6122 4.1327 -4.1062 1.5655 9.7290 -1.5809 13.1307
Car -1 -1 -1.3234 360.3000 179.0377 426.1479 222.8011 1.6581 1.6702 3.8403 -8.6586 1.4252 29.1849 -1.6119 9.8200
Car -1 -1 -1.4253 464.8747 182.6661 516.0009 218.9842 1.4561 1.6018 3.9860 -4.9954 1.3550 30.8229 -1.5860 8.7313
Car -1 -1 -1.5946 577.8652 178.1245 609.7124 208.7094 1.5795 1.6310 3.6908 -0.8272 1.2144 38.9998 -1.6158 7.4569
Car -1 -1 -0.8823 0.0000 186.1705 158.6489 327.7915 1.6151 1.5925 3.7116 -8.3025 1.6321 10.0757 -1.5715 7.1987
Car -1 -1 -1.1376 209.7592 168.2665 313.6655 219.9687 1.7234 1.7238 4.3667 -12.4713 1.1595 26.1509 -1.5826 4.9169
Car -1 -1 -1.4590 500.8580 180.8663 535.6594 208.7441 1.4877 1.5561 3.4123 -4.9767 1.2568 40.0740 -1.5826 4.4669
Car -1 -1 -1.2203 345.2379 180.5269 399.9782 210.4171 1.5336 1.6208 3.7414 -12.6456 1.2942 38.7784 -1.5355 4.4446
Car -1 -1 -1.1562 394.4179 167.6269 433.0282 187.0469 1.6089 1.6689 4.1574 -16.6234 0.1528 61.7318 -1.4192 2.1590
Car -1 -1 -0.9675 210.0103 188.0301 355.0521 251.2692 1.4532 1.5733 3.7537 -8.3271 1.5353 18.6812 -1.3869 1.0956
Car -1 -1 2.0961 173.6582 167.3633 213.2423 183.3681 1.4794 1.5596 3.8600 -39.6212 -0.1807 68.8240 1.5737 -0.2162
