Car -1 -1 3.7199 0.0000 197.8938 294.8785 327.7961 1.4434 1.5973 4.1879 -6.5309 1.7945 9.2291 3.1040 10.8095
Car -1 -1 3.4790 203.7218 184.1871 403.2185 258.4651 1.5475 1.6102 3.8123 -6.8183 1.8172 16.2282 3.0813 10.7969
Car -1 -1 -0.6768 998.4863 181.7005 1241.0000 374.0000 1.6312 1.6754 4.1386 6.2552 1.7292 7.0160 0.0513 10.5874
Car -1 -1 3.6777 33.4323 189.9984 348.1687 296.7095 1.5581 1.6495 4.1482 -6.6622 1.8563 11.6698 3.1589 10.3966
Car -1 -1 2.7644 763.1918 181.0486 964.5196 253.2203 1.6185 1.6445 4.2489 5.9403 1.8259 17.3078 3.0950 9.9601
Car -1 -1 -0.3527 730.9301 189.0504 903.9581 244.7163 1.4458 1.6357 4.3829 5.7122 1.9240 20.2991 -0.0784 9.8055
Car -1 -1 -0.5818 915.4893 190.2047 1241.0000 319.6676 1.5061 1.6298 4.0107 6.2950 1.7534 9.4403 0.0063 9.6440
Car -1 -1 -0.4549 839.0569 189.1204 1095.1714 285.4802 1.5122 1.5988 3.6149 5.9512 1.8107 12.4086 -0.0077 9.4102
Car -1 -1 3.9093 0.0000 191.7170 141.6619 374.0000 1.5557 1.6257 3.6000 -6.8682 1.7584 6.8997 3.1262 9.3503
Car -1 -1 -1.7104 632.6501 184.5074 676.0826 216.9161 1.4530 1.6126 3.8966 2.1068 2.0640 35.7976 -1.6516 8.0707
Car -1 -1 -0.4548 814.1200 185.5797 1030.9173 265.0267 1.5111 1.6087 3.7945 6.3072 1.7906 14.9188 -0.0548 6.3727
Car -1 -1 -0.2807 729.7207 175.1203 872.1637 233.4900 1.7534 1.6608 4.0119 5.8652 1.8276 22.6243 -0.0270 5.2650
Car -1 -1 -2.9219 416.3443 184.1099 514.9076 218.2334 1.4779 1.6087 4.1243 -6.5237 2.0011 32.6600 -3.1191 3.4343
Car -1 -1 0.3855 230.7400 161.8856 421.4218 230.3089 1.6997 1.6952 4.3025 -7.3376 1.4276 18.7967 0.0134 0.4246
Car -1 -1 -1.4383 496.4911 180.3012 531.2260 207.5210 1.5734 1.6314 3.9335 -5.9479 2.0559 44.7473 -1.5705 -0.0061
Car -1 -1 -1.8606 711.0427 163.8841 738.5716 179.6281 1.4659 1.5967 3.7473 10.9508 0.6311 69.1413 -1.7035 -0.2342
Car -1 -1 -1.5896 624.9258 179.0591 648.5214 201.8793 1.5225 1.5922 3.9197 1.8349 1.9801 51.1836 -1.5538 -0.5330
