Car -1 -1 -1.0884 89.1234 186.5858 282.8936 280.2477 1.5668 1.6093 3.9164 -8.0357 1.5985 14.0657 -1.6074 12.4204
Car -1 -1 -0.8413 0.0000 213.6710 204.6238 375.0000 1.4408 1.6033 4.1316 -4.7265 1.7202 4.9335 -1.6053 12.3415
Car -1 -1 -1.4344 469.1212 186.1848 522.0342 223.6797 1.4308 1.6164 4.0221 -4.5753 1.4745 29.5575 -1.5879 9.0684
Car -1 -1 -1.2223 244.7441 184.3170 366.5118 247.2014 1.5644 1.6984 4.4885 -8.3250 1.5432 20.1582 -1.6139 8.2998
Car -1 -1 -0.9992 3.1037 187.6388 197.6258 263.9859 1.5144 1.6622 4.1078 -11.3915 1.5780 16.4676 -1.6044 8.2711
Car -1 -1 -1.3229 329.2011 135.1939 485.7431 263.1096 2.5340 2.0932 6.2489 -4.5456 1.5442 17.3694 -1.5789 7.2062
Car -1 -1 -1.6020 573.2952 181.4718 603.2953 208.2107 1.4587 1.5918 3.7124 -1.1785 1.2556 41.1130 -1.6306 4.1143
Car -1 -1 -0.9209 679.4059 168.7396 735.9037 191.8924 1.4832 1.6179 4.0547 6.6895 0.4289 48.0512 -0.7825 0.8190
Car -1 -1 -1.3734 493.8539 182.0327 534.2298 209.1260 1.4608 1.5700 3.7016 -5.2781 1.2903 40.6539 -1.5025 0.1199
Car -1 -1 -1.1219 229.9482 177.3091 314.2286 217.5046 1.4618 1.5645 3.5878 -12.9833 1.1754 27.9433 -1.5568 -0.0741
