Car -1 -1 -2.4833 0.0000 198.1328 288.7570 334.2172 1.4337 1.6118 4.1450 -6.3942 1.7723 8.7868 -3.1124 13.0477
Car -1 -1 -1.8891 709.3006 191.4772 856.6120 290.5769 1.4267 1.5387 3.2708 2.8412 1.7996 12.7280 -1.6694 13.0349
Car -1 -1 -1.7452 651.2373 180.7872 729.5467 236.0045 1.5062 1.6755 4.3229 2.3508 1.7787 22.5310 -1.6413 12.1213
Car -1 -1 0.5605 34.3134 190.6632 337.9752 297.4396 1.4918 1.5326 3.8398 -6.4814 1.7890 11.1903 0.0355 9.2033
Car -1 -1 0.2582 372.8696 186.0516 498.5722 228.4883 1.4612 1.6031 4.1692 -6.3106 1.9566 26.2149 0.0220 8.5406
Car -1 -1 -2.6994 193.1289 185.1850 404.9804 260.7581 1.5168 1.6235 3.9040 -6.6896 1.7999 15.6543 -3.1033 8.3077
Car -1 -1 3.7073 117.5431 191.0220 364.0206 278.4961 1.4621 1.5642 3.8451 -6.8183 1.8247 13.4194 3.2372 7.6993
Car -1 -1 0.4681 292.2930 179.0299 446.6022 240.3305 1.6416 1.6151 3.8725 -6.8674 1.8278 20.6198 0.1466 7.4951
Car -1 -1 3.4584 251.9236 186.7552 424.1006 249.7514 1.4745 1.5852 3.7432 -6.7833 1.8411 18.1378 3.1005 6.7100
Car -1 -1 -1.6992 644.0578 180.3134 689.7329 216.1735 1.5195 1.6076 3.9015 2.5333 1.8856 33.3894 -1.6235 2.9601
Car -1 -1 -1.6462 631.5773 178.4078 657.9782 201.1494 1.5702 1.6326 3.8901 2.4796 1.9917 52.7434 -1.5992 2.6425
Car -1 -1 -1.7102 689.8048 158.2606 723.5766 185.4419 1.7049 1.6559 3.9048 6.2508 0.7899 47.2140 -1.5785 2.2957
Car -1 -1 -1.1830 292.9550 158.0703 338.4577 179.9009 1.4762 1.6100 3.8954 -20.6629 0.4769 50.7375 -1.5697 0.2755
Car -1 -1 1.6628 506.8655 181.5375 540.2596 209.1833 1.5193 1.6197 3.8984 -5.1225 2.0591 42.8573 1.5438 0.0084
Car -1 -1 1.7798 530.0934 168.7231 557.1301 186.1199 1.4731 1.5877 3.8714 -5.7941 1.1237 63.1109 1.6883 -0.2730
