Car -1 -1 -1.3738 386.2343 182.8719 503.0001 265.3453 1.5317 1.6402 4.1537 -3.3826 1.4893 15.4389 -1.5895 13.9236
Car -1 -1 -1.2233 172.4385 198.1010 447.9534 358.0916 1.3911 1.6355 4.1961 -3.2491 1.5859 8.6924 -1.5810 13.5528
Car -1 -1 -1.5592 556.6268 175.8538 622.3729 239.7109 1.5932 1.6411 3.6392 -0.5287 1.3608 19.7636 -1.5860 12.9182
Car -1 -1 -1.1963 252.3587 179.6066 373.0112 243.8039 1.5508 1.6137 4.0974 -7.8442 1.4164 19.4179 -1.5803 11.4172
Car -1 -1 -0.8900 0.0000 191.1714 169.8389 338.4982 1.4842 1.5937 4.0419 -7.8101 1.5803 9.4317 -1.5816 10.0100
Car -1 -1 -1.3956 457.5651 175.6951 532.4390 231.6699 1.6050 1.6344 4.1225 -3.4949 1.3331 22.6874 -1.5485 8.5915
Car -1 -1 -1.2356 337.5296 179.6546 392.3685 209.2299 1.4785 1.5751 3.7924 -12.7398 1.2016 37.8372 -1.5604 8.5302
Car -1 -1 -1.5111 513.8895 177.2808 553.5875 214.0451 1.5734 1.5823 3.5308 -3.3375 1.2349 32.5577 -1.6133 5.2499
Car -1 -1 1.7656 445.9833 171.2725 485.1234 197.2188 1.5316 1.6307 3.9998 -8.7603 0.7097 44.4290 1.5709 3.9423
Car -1 -1 -1.3613 386.1822 178.0350 443.9140 216.7124 1.5707 1.6456 3.8809 -8.3128 1.2802 31.1696 -1.6219 3.4442
