Car -1 -1 2.0224 145.9238 181.7345 311.1964 264.7719 1.6306 1.6877 4.2427 -8.6693 1.8637 16.7666 1.5452 13.1159
Car -1 -1 -1.5429 588.8126 175.6494 615.0071 200.4572 1.5900 1.6592 4.0004 -0.5402 1.7869 48.7111 -1.5539 6.1067
Car -1 -1 1.9642 252.3217 172.6453 343.3230 228.0930 1.9939 1.7426 4.2665 -12.0608 1.9867 28.0872 1.5586 5.9697
Car -1 -1 1.8425 451.4030 173.7363 493.1442 199.2415 1.6650 1.6988 4.3871 -9.4197 1.7286 49.5116 1.6545 2.9576
Car -1 -1 -1.3953 889.5118 169.4489 1004.1074 249.3666 1.4599 1.5664 3.5847 7.0770 1.3980 15.0941 -0.9569 2.3577
Car -1 -1 1.7729 432.6576 180.7321 481.9707 213.7903 1.4603 1.5940 3.7664 -7.3088 1.8597 34.6578 1.5650 0.4050
Car -1 -1 1.7251 469.2073 176.1501 503.8487 202.4950 1.5570 1.5889 3.6266 -7.6761 1.7709 44.9211 1.5558 0.3333
Car -1 -1 1.7543 453.9609 178.5932 494.5398 207.5205 1.4970 1.5783 3.5657 -7.4796 1.8284 39.8308 1.5687 0.2552
Car -1 -1 1.8482 359.8859 179.5088 438.9270 229.4869 1.5336 1.6058 3.7612 -7.1000 1.7775 24.5232 1.5664 -0.0438
Car -1 -1 2.0831 123.5233 189.8735 191.8380 218.8035 1.4696 1.6003 3.8497 -25.5938 2.4814 40.9169 1.5242 -0.0968
