Car -1 -1 -1.3933 433.7385 174.1168 511.9820 231.6816 1.5869 1.6236 4.1734 -4.0400 1.2820 21.9034 -1.5757 12.3486
Car -1 -1 -1.5691 579.3758 172.3044 639.7427 232.0033 1.6133 1.6315 3.6477 0.0077 1.2655 21.2482 -1.5687 12.0258
Car -1 -1 -1.1484 76.0667 78.9625 437.9184 336.2437 2.6596 2.1590 6.2262 -4.4330 1.5623 10.5665 -1.5456 9.6614
Car -1 -1 -1.0141 0.0000 192.0461 207.0250 296.7637 1.4316 1.5922 3.6745 -8.4481 1.5642 11.9497 -1.6294 8.4358
Car -1 -1 -1.5351 572.6813 179.1374 613.4328 216.1386 1.4669 1.5902 3.7649 -0.6046 1.2270 30.3889 -1.5550 3.6159
Car -1 -1 -1.4467 483.9444 177.6535 527.0915 210.8978 1.4808 1.5771 3.6073 -4.7914 1.1451 33.8337 -1.5874 2.6842
Car -1 -1 1.8526 391.4956 180.6265 447.4767 213.3518 1.4638 1.5908 3.7236 -8.8757 1.2596 34.0320 1.5975 1.4478
Car -1 -1 -1.2730 429.3438 175.0057 462.5847 193.3820 1.4877 1.6181 3.9963 -13.5289 0.6623 60.2479 -1.4939 1.0406
Car -1 -1 1.6945 503.9252 178.2977 538.7649 204.1047 1.5354 1.6544 4.2048 -5.3682 1.1250 44.8716 1.5754 0.9519
Car -1 -1 1.7261 525.7042 173.5878 554.0894 194.2029 1.4800 1.5294 3.8607 -5.0390 0.6464 53.5791 1.6323 -0.4763
