Car -1 -1 -1.5699 622.2252 174.4341 693.5834 245.3625 1.6322 1.6436 3.6278 1.2309 1.3853 18.4043 -1.5031 11.7062
Car -1 -1 -1.0389 63.2976 192.5924 272.1105 278.9350 1.3961 1.5939 4.0741 -8.3304 1.5619 14.0088 -1.5754 11.0223
Car -1 -1 -0.8584 0.0000 197.2109 244.5297 375.0000 1.4670 1.5636 4.0888 -4.3784 1.5856 4.9882 -1.5787 9.0243
Car -1 -1 -0.8837 0.0000 193.3463 87.6553 282.1331 1.4559 1.5458 3.8359 -12.3532 1.6383 14.0820 -1.6038 8.6648
Car -1 -1 2.2157 0.0000 185.2939 73.6494 215.1002 1.4797 1.6479 4.2845 -30.5257 1.4852 37.8623 1.5372 6.3750
Car -1 -1 -1.5020 683.3418 183.2182 713.2966 208.8052 1.4962 1.5761 3.5828 5.5441 1.3805 43.9400 -1.3765 5.9105
Car -1 -1 3.1577 459.9376 167.3960 501.9255 185.2355 1.4107 1.4793 3.2855 -10.1990 0.0027 57.8307 2.9831 4.5629
Car -1 -1 1.7305 456.7715 179.7311 509.8370 217.4933 1.5099 1.6335 3.8941 -5.2784 1.2917 30.6947 1.5602 4.3280
Car -1 -1 -1.3739 480.1409 177.4536 525.4103 207.9845 1.4903 1.6011 3.7663 -5.3783 1.1126 37.0087 -1.5182 2.7594
Car -1 -1 -1.0720 127.5954 158.6241 263.2179 220.0357 1.6573 1.7096 4.1942 -12.1825 0.9408 21.5063 -1.5874 2.2970
Car -1 -1 2.1776 102.0808 181.8442 174.0394 209.0733 1.4649 1.5436 3.7376 -26.4410 1.2847 40.5617 1.5999 1.4494
