Car -1 -1 -1.3844 447.5286 185.2296 517.1590 233.4361 1.4395 1.5775 3.6065 -4.0168 1.4411 23.2787 -1.5553 13.5765
Car -1 -1 -1.2512 216.4710 177.2279 463.2346 337.4636 1.6502 1.7042 4.3315 -3.2482 1.5691 9.5718 -1.5784 12.8947
Car -1 -1 -0.9184 0.0000 189.9503 132.0249 269.0445 1.4865 1.6112 4.1723 -12.6960 1.6059 15.8617 -1.5934 12.3373
Car -1 -1 -1.1013 143.6066 186.9609 308.0051 266.9001 1.5054 1.5929 3.7347 -8.0663 1.5487 15.4913 -1.5814 10.8383
Car -1 -1 -1.5522 566.1377 180.0992 608.9438 220.3644 1.5468 1.6446 3.5990 -0.8322 1.3514 29.4192 -1.5804 10.3013
Car -1 -1 1.7610 412.6380 179.4655 462.2967 215.5308 1.6534 1.6289 3.9712 -8.2477 1.3909 34.9700 1.5294 3.6670
Car -1 -1 -1.2999 356.0519 173.9320 425.1012 213.7973 1.4420 1.5936 3.8530 -8.3872 1.0349 27.9403 -1.5915 2.8004
Car -1 -1 -1.0769 153.2696 185.5553 273.2094 237.4975 1.5188 1.6349 4.0668 -12.5401 1.5318 23.0791 -1.5747 2.2999
Car -1 -1 1.8958 335.1825 165.1373 376.1417 186.3291 1.4615 1.6011 3.9315 -18.0420 0.0779 51.5485 1.5592 1.7045
Car -1 -1 1.6963 506.1382 176.5905 549.7391 214.3219 1.7412 1.6504 3.8267 -3.8720 1.3443 35.0952 1.5864 1.2388
