Car -1 -1 1.7712 367.6047 197.2031 473.5917 272.7705 1.4064 1.6021 4.0026 -4.3051 2.0419 16.7795 1.5200 12.2999
Car -1 -1 -1.9341 732.6407 156.2541 971.9272 317.9671 1.8743 1.7795 4.3655 3.1577 1.6823 10.6026 -1.6446 11.0925
Car -1 -1 -2.2335 897.9314 193.4132 1241.0000 374.0000 1.5613 1.6040 3.6456 3.2687 1.7398 4.4055 -1.5952 10.5853
Car -1 -1 1.8812 225.5288 182.1220 428.5453 342.2086 1.7178 1.5485 3.2801 -3.5875 1.8631 9.6081 1.5238 10.4636
Car -1 -1 2.1847 0.0000 198.9515 320.7449 374.0000 1.5313 1.5679 3.6396 -3.5217 1.7751 4.9018 1.5617 8.4585
Car -1 -1 1.6798 479.9541 183.2693 523.0902 220.2950 1.7266 1.7300 4.3485 -5.5482 2.2943 37.0925 1.5313 8.1541
Car -1 -1 -1.5516 611.6124 183.7534 631.2364 202.1111 1.4828 1.6307 3.9697 0.9975 2.4605 62.6803 -1.5357 4.8293
Car -1 -1 -1.3891 457.0178 181.4256 493.6809 205.2143 1.5226 1.7011 4.6054 -9.3289 2.1461 50.1443 -1.5730 2.6119
Car -1 -1 -2.1955 1024.7804 157.2771 1241.0000 251.0326 1.5200 1.6439 4.1010 9.8591 1.2678 13.7479 -1.5733 -0.0672
Car -1 -1 1.7096 501.9807 189.3475 537.1037 216.2660 1.4855 1.6090 3.9260 -5.5283 2.5417 44.2103 1.5852 -0.1805
Car -1 -1 -0.3023 646.0081 179.4234 690.6338 195.8258 1.5418 1.6317 4.0142 5.6343 2.1912 70.0499 -0.2220 -0.3044
