Car -1 -1 1.9273 259.8726 193.4936 397.3982 279.1370 1.5627 1.6076 3.7470 -6.0913 2.0731 15.9490 1.5625 13.2430
Car -1 -1 -2.0889 833.0855 188.2028 1241.0000 374.0000 1.4811 1.6269 4.0144 3.0204 1.6371 5.3044 -1.5713 12.6211
Car -1 -1 -1.7371 738.4193 177.8022 877.6364 292.3100 1.5331 1.5571 3.3722 2.9506 1.6247 11.5539 -1.4871 12.1163
Car -1 -1 1.7556 472.4249 183.8018 513.6047 215.2540 1.5554 1.5568 3.5505 -6.2646 2.1705 38.7214 1.5952 8.1378
Car -1 -1 -1.6750 640.3791 175.4759 675.6571 205.2406 1.6501 1.6588 3.9029 2.7364 1.8115 42.3301 -1.6105 6.8998
Car -1 -1 1.7267 489.7598 184.2911 525.0689 211.6883 1.5504 1.5732 3.8468 -6.2962 2.2850 44.3804 1.5858 6.5988
Car -1 -1 1.9737 252.4197 190.9975 304.9390 219.5901 1.6293 1.6227 3.8808 -20.8842 2.8248 45.5637 1.5439 1.1298
Car -1 -1 -1.7462 793.6042 164.5255 818.2073 180.6063 1.4545 1.5835 3.7055 18.1881 0.7015 67.1751 -1.4818 0.2326
Car -1 -1 1.5782 777.2559 164.0960 798.5115 183.3765 1.4886 1.5989 4.0445 14.2525 0.8128 57.8636 1.8197 0.2108
Car -1 -1 1.4164 720.5364 174.1747 769.5287 207.7395 1.4877 1.6446 4.2134 6.3034 1.5546 34.2732 1.5983 -0.5241
