Car -1 -1 1.7494 421.9009 184.4493 508.4319 246.2454 1.5093 1.6737 4.2855 -4.0506 1.8752 20.5850 1.5551 12.9046
Car -1 -1 1.9245 268.2329 195.2573 395.5495 264.3649 1.4224 1.6444 4.2013 -6.9257 2.0572 18.3217 1.5630 11.1505
Car -1 -1 -1.6395 629.9744 177.0677 665.2716 207.9720 1.6036 1.6723 4.0190 2.0024 1.8495 40.0139 -1.5895 9.9696
Car -1 -1 1.7147 483.0845 186.6513 531.3717 223.6074 1.3919 1.5211 3.4569 -4.2850 2.0028 30.1960 1.5738 9.3294
Car -1 -1 2.2481 0.0000 197.0514 175.3019 374.0000 1.6397 1.6427 3.9310 -6.5230 1.9587 7.5021 1.5324 8.2362
Car -1 -1 2.8562 725.9561 169.1449 824.0859 202.5038 1.4847 1.6513 4.0823 7.4757 1.3200 33.0642 3.0786 6.8502
Car -1 -1 -3.3776 720.2107 161.0283 808.9680 195.1368 1.6665 1.6568 4.0696 7.6569 1.0890 36.1335 -3.1688 6.3954
Car -1 -1 -2.0750 910.1519 153.3146 969.3310 178.7731 1.4609 1.5690 3.8391 19.7148 0.3400 43.3764 -1.6484 2.6723
Car -1 -1 -2.2516 1137.2583 136.4083 1241.0000 173.2458 1.5483 1.6700 4.2738 26.0882 0.0168 32.4636 -1.5746 1.9174
Car -1 -1 -0.8927 884.1149 156.1115 942.5063 178.9163 1.5139 1.6214 3.8793 20.8010 0.4028 49.5306 -0.4951 1.1650
Car -1 -1 -2.3799 343.3213 180.8818 407.7551 206.0275 1.4692 1.5825 3.7290 -14.5450 1.9833 44.6455 -2.6949 0.7088
