Car -1 -1 -3.5238 830.2687 170.8213 960.8565 211.6662 1.4208 1.5862 4.0610 10.1402 1.3504 25.9071 -3.1508 9.1006
Car -1 -1 -2.6652 165.5108 180.7920 317.5792 241.2356 2.0202 1.8140 4.4046 -12.8577 2.3087 25.2738 -3.1358 8.6776
Car -1 -1 -2.4382 0.0000 208.8845 97.2958 253.9562 1.4382 1.5849 3.8018 -20.3971 2.7383 25.1917 -3.1188 6.5099
Car -1 -1 1.3739 296.0098 182.8454 348.6381 216.5242 1.4708 1.6051 3.9850 -13.9851 1.9832 34.8650 0.9925 3.6651
Car -1 -1 -3.7989 961.0867 166.6975 1094.9914 209.6648 1.4821 1.6282 4.0135 14.9498 1.2701 25.9626 -3.2765 2.9159
Car -1 -1 -0.4883 1101.5078 142.6972 1241.0000 185.6469 1.4880 1.5909 3.9403 20.3188 0.4436 26.1182 0.1729 2.6166
Car -1 -1 -3.1514 606.5779 171.2267 672.7838 196.0094 1.4984 1.6406 4.0052 1.7859 1.4004 44.5030 -3.1113 1.4910
Car -1 -1 0.4556 0.0000 203.4642 84.0513 374.0000 1.5009 1.6389 4.1763 -7.6253 1.8486 6.6146 -0.4006 1.4081
Car -1 -1 1.7751 459.5623 148.3826 496.9315 172.5536 1.5957 1.6951 4.3485 -9.0821 -0.0213 49.8790 1.5950 -0.5738
Car -1 -1 0.6658 0.0000 180.5922 46.7881 204.3312 1.4830 1.5840 3.7801 -38.8381 1.9909 46.4752 -0.0303 -0.5788
