Car -1 -1 -1.2026 227.7451 192.7951 408.0798 295.7960 1.4012 1.5370 3.5747 -4.5967 1.5459 11.8277 -1.5733 14.1924
Car -1 -1 -1.1333 156.8725 186.1714 313.0852 259.1289 1.4676 1.6374 3.9757 -8.3986 1.4934 16.5232 -1.6036 12.4517
Car -1 -1 -1.3552 399.5385 180.4900 491.3860 238.4332 1.4539 1.6360 4.2050 -4.4570 1.3365 20.1379 -1.5730 11.9730
Car -1 -1 -1.5490 575.8689 176.6449 655.0784 256.7024 1.6127 1.5986 3.3531 0.1587 1.4412 16.1778 -1.5392 11.4369
Car -1 -1 -0.9128 0.0000 187.0215 143.7120 260.6206 1.4732 1.6199 4.0870 -12.8447 1.5210 16.5316 -1.5733 8.3696
Car -1 -1 -1.3611 366.4808 182.1370 427.1139 220.1376 1.4434 1.6099 3.8047 -8.5420 1.3276 29.2588 -1.6452 5.7605
Car -1 -1 -1.5680 543.6031 169.2296 564.1965 189.5880 1.7492 1.7663 4.6412 -4.8097 0.3768 64.1368 -1.6429 4.6291
Car -1 -1 -1.2465 327.6549 165.9991 396.3850 207.2646 1.9260 1.8157 4.7914 -12.2063 1.0302 35.9460 -1.5738 4.0177
Car -1 -1 1.6379 651.0090 181.0143 674.9690 200.1986 1.5121 1.6762 4.2712 4.5445 1.1821 58.8896 1.7149 3.1355
Car -1 -1 -1.4243 470.4520 168.3185 533.6428 219.6826 1.8943 1.8096 4.9606 -4.1920 1.2723 28.9908 -1.5679 2.7743
Car -1 -1 1.9847 255.7440 170.3590 337.0157 209.7059 1.4678 1.5664 3.8407 -12.3792 0.9147 28.7389 1.5780 2.2549
Car -1 -1 1.5045 687.8371 186.9067 709.6027 205.8466 1.5442 1.5847 3.6214 7.6527 1.6927 60.7923 1.6297 -0.6309
