Car -1 -1 -1.3184 361.6765 186.7175 466.5166 253.3955 1.3840 1.5197 3.5158 -4.4341 1.4238 16.7589 -1.5770 13.2281
Car -1 -1 -0.9595 0.0000 202.3515 306.8578 375.0000 1.4296 1.6040 4.0192 -4.0722 1.6149 5.7051 -1.5794 11.9982
Car -1 -1 -1.0707 89.9177 193.5777 275.6138 283.4528 1.5259 1.5737 3.7813 -8.3558 1.7175 14.4646 -1.5945 11.9504
Car -1 -1 -1.3888 441.6880 181.0186 506.9027 225.2276 1.5205 1.6492 4.2421 -4.9268 1.3773 26.8419 -1.5703 10.2109
Car -1 -1 -1.4547 491.3901 181.8895 529.6824 211.4764 1.4145 1.5195 3.4331 -4.8674 1.2566 36.0929 -1.5887 8.3674
Car -1 -1 -1.2436 318.0961 180.1041 400.5920 226.8327 1.5079 1.6025 3.7234 -8.5937 1.3441 25.0577 -1.5740 8.0464
Car -1 -1 -1.0576 131.0624 163.3482 270.2808 232.5970 1.9199 1.7836 4.4041 -12.3647 1.3147 22.1313 -1.5671 7.8209
Car -1 -1 -1.5604 577.0314 177.9727 609.7249 210.0443 1.6276 1.6593 3.7889 -0.7797 1.2611 38.3791 -1.5807 6.5739
Car -1 -1 -1.3883 471.1061 173.2209 501.7326 192.8710 1.4686 1.6279 4.1005 -9.3892 0.5733 55.7832 -1.5550 3.1356
Car -1 -1 -1.3117 431.8539 179.0295 473.1888 203.9706 1.4675 1.5870 3.7099 -9.5153 1.1047 44.1838 -1.5238 -0.1820
Car -1 -1 1.5600 615.2705 179.3345 637.8575 200.0179 1.4785 1.6145 4.0030 1.3541 1.0593 53.3965 1.5854 -0.2927
