Car -1 -1 -1.7782 615.3712 181.1765 691.4652 237.0773 1.4512 1.5499 3.2690 1.1365 1.7136 20.9783 -1.7240 11.5051
Car -1 -1 -2.1180 787.2324 171.3795 1228.5174 374.0000 1.6448 1.5909 3.5413 2.8856 1.6362 6.2566 -1.6859 10.8078
Car -1 -1 2.4844 548.9069 176.8366 628.5103 208.4714 1.4946 1.6131 3.8250 -1.0789 1.7060 36.3864 2.4548 10.6520
Car -1 -1 -0.8379 678.4374 173.6328 761.4689 209.2519 1.5142 1.5891 3.7732 4.9556 1.5516 32.5594 -0.6869 8.5412
Car -1 -1 -0.9533 806.8497 172.9643 870.0595 200.3183 1.3993 1.5083 3.4406 12.1926 1.4058 38.5601 -0.6470 8.5271
Car -1 -1 -0.9514 740.8250 172.6743 820.2943 204.5405 1.4850 1.6432 4.2791 8.4333 1.4770 35.6504 -0.7192 8.4166
Car -1 -1 1.4449 289.4648 177.1986 328.3776 204.6448 1.4874 1.6099 3.7954 -17.5081 1.7517 41.7931 1.0481 2.9470
Car -1 -1 -1.1528 853.4107 174.2997 909.9255 201.7409 1.4825 1.6076 3.8055 15.4717 1.5690 41.0993 -0.7928 2.2724
Car -1 -1 -1.0630 940.3632 172.0466 995.9792 196.4687 1.5595 1.6289 3.8679 23.7351 1.5083 47.8404 -0.6024 2.0836
Car -1 -1 -1.1755 822.3139 158.1139 864.8485 179.6173 1.5202 1.5762 3.9475 17.1662 0.4785 53.0191 -0.8624 0.4916
